,ID_ESCOLA,DOC,APOIO,TRANS,CONN,AMBI,score_infraestrutura
0,60499,1.0,0.2056979531624567,1.0,0.6666666666666666,1.0,79.11395906324913
1,60500,1.0,0.7456550802139057,1.0,1.0,1.0,94.91310160427811
2,60508,1.0,0.18937271878448397,1.0,1.0,0.5,78.78745437568969
3,60513,1.0,0.1680349476538379,1.0,1.0,0.0,73.36069895307676
4,60514,1.0,0.19088770053475987,1.0,1.0,0.0,73.8177540106952
5,60536,1.0,0.9004136817677352,1.0,0.6666666666666666,0.0,83.00827363535468
6,60542,1.0,0.5263447625039335,1.0,1.0,0.0,80.52689525007867
7,60556,1.0,0.23742251310293513,1.0,1.0,0.5,87.7232952882646
8,60557,1.0,0.11281778991416067,1.0,0.6666666666666666,1.0,77.25635579828321
9,60560,1.0,0.22724726254138075,1.0,1.0,0.5,79.54494525082761
10,60575,1.0,0.39768270944741635,1.0,0.3333333333333333,0.5,72.95365418894833
11,60576,1.0,0.32686250091568464,1.0,0.6666666666666666,0.0,71.53725001831369
12,60596,1.0,0.17416760997697067,1.0,0.6666666666666666,0.0,68.48335219953941
13,60603,1.0,0.18076486793064378,1.0,0.3333333333333333,0.0,63.61529735861288
14,60623,0.8870967741935484,0.0,1.0,0.3333333333333333,0.0,56.0483870967742
15,60663,1.0,0.11527035056446851,1.0,0.6666666666666666,0.0,67.30540701128936
16,60664,1.0,0.11990433450675869,1.0,0.3333333333333333,0.5,67.39808669013519
17,60666,1.0,0.0,1.0,1.0,0.0,77.0
18,60683,1.0,0.20221154717665238,1.0,1.0,0.0,74.04423094353304
19,60685,1.0,0.2538400273068615,1.0,0.3333333333333333,0.5,70.07680054613724
20,60691,1.0,0.11582991537303389,1.0,1.0,0.0,72.31659830746068
21,60692,1.0,0.0,1.0,0.3333333333333333,0.5,65.00000000000001
22,60708,1.0,0.08256388431434249,1.0,1.0,1.0,81.65127768628685
23,60718,1.0,0.3699374041371315,1.0,1.0,0.5,82.39874808274263
24,60719,1.0,0.0,1.0,0.6666666666666666,0.5,70.0
25,60720,1.0,0.0604075001692278,1.0,1.0,0.5,76.20815000338456
26,60723,1.0,0.15907308377896653,1.0,1.0,0.5,78.18146167557934
27,60726,1.0,0.0,1.0,1.0,0.0,70.0
28,60747,1.0,0.5802057767013977,1.0,1.0,1.0,91.60411553402795
29,60750,1.0,0.3246389464876868,1.0,1.0,1.0,86.49277892975374
30,60753,1.0,0.29457978477586394,1.0,0.3333333333333333,0.0,65.89159569551728
31,60762,1.0,0.17544825416797782,1.0,1.0,0.5,78.50896508335956
32,60768,1.0,0.0,1.0,0.6666666666666666,0.5,70.0
33,60769,1.0,0.24101982390752508,1.0,0.3333333333333333,0.5,69.8203964781505
34,60778,1.0,0.21304430863254448,1.0,1.0,0.5,79.26088617265088
35,60783,1.0,0.06346000682671538,1.0,0.6666666666666666,0.5,71.26920013653432
36,60790,1.0,0.2622083798554394,1.0,1.0,0.0,75.24416759710878
37,60791,1.0,1.0,1.0,1.0,0.5,95.0
38,60792,1.0,0.0,1.0,1.0,0.5,75.00000000000001
39,60813,1.0,0.13557365094798285,1.0,1.0,0.5,77.71147301895967
40,60814,1.0,0.0,1.0,1.0,0.0,70.0
41,60815,1.0,0.0,1.0,0.0,0.0,55.00000000000001
42,60816,1.0,0.0,1.0,1.0,1.0,80.0
43,60818,1.0,1.0,1.0,0.3333333333333333,0.0,88.0
44,60850,1.0,0.2593582887700541,1.0,1.0,1.0,85.18716577540108
45,60861,1.0,0.9839572192513393,1.0,1.0,0.0,89.67914438502679
46,60870,1.0,0.19399156558410552,1.0,1.0,1.0,83.87983131168211
47,60878,1.0,0.14202953908836297,1.0,1.0,1.0,82.84059078176726
48,60884,1.0,0.12427584670231762,1.0,0.3333333333333333,0.5,67.48551693404636
49,60893,1.0,0.2251034204419338,1.0,1.0,0.0,74.50206840883867
50,60914,1.0,0.11930481283422491,1.0,1.0,0.5,77.3860962566845
51,60915,1.0,0.0,1.0,1.0,0.5,75.00000000000001
52,60916,1.0,0.035613376965440265,1.0,1.0,0.5,75.71226753930881
53,60918,1.0,1.0,1.0,1.0,0.5,95.0
54,60919,1.0,0.2593582887700541,1.0,1.0,0.0,75.18716577540108
55,60922,1.0,0.4544945250827615,1.0,1.0,0.0,79.08989050165523
56,60924,1.0,0.27426393754994227,1.0,0.6666666666666666,1.0,80.48527875099884
57,60961,1.0,0.42864004611098766,1.0,1.0,1.0,88.57280092221976
58,60967,1.0,0.0,1.0,1.0,0.5,75.00000000000001
59,60977,1.0,0.42864004611098766,0.0,1.0,1.0,68.57280092221974
60,60979,1.0,0.0,1.0,0.0,0.5,66.00000000000001
61,60980,1.0,1.0,0.0,1.0,1.0,80.0
62,60981,1.0,0.6181596519908026,1.0,0.3333333333333333,1.0,82.36319303981605
63,60984,1.0,0.3911633207679505,1.0,1.0,0.5,82.82326641535902
64,60985,1.0,0.6817417876241423,1.0,0.6666666666666666,0.0,86.49831932773112
65,60986,1.0,0.0,0.0,1.0,0.0,55.00000000000001
66,60990,1.0,0.5362014059965164,1.0,1.0,0.5,94.29643093192337
67,60991,1.0,0.04030568001156246,1.0,1.0,1.0,80.80611360023124
68,61001,1.0,0.03728275401069528,1.0,1.0,0.5,75.74565508021391
69,61003,1.0,0.49710338680927046,0.0,1.0,0.5,64.94206773618542
70,61025,1.0,0.1794057335853006,0.0,1.0,0.5,58.588114671706016
71,61036,1.0,0.607922613168025,1.0,1.0,1.0,92.1584522633605
72,61041,1.0,0.4078797019973501,1.0,0.3333333333333333,0.5,73.15759403994701
73,61046,1.0,0.18354586589880756,1.0,0.6666666666666666,0.5,73.67091731797616
74,61052,1.0,0.2538400273068615,1.0,0.6666666666666666,0.0,70.07680054613722
75,61071,1.0,0.23624715412717803,1.0,0.0,0.0,59.72494308254356
76,61079,1.0,0.0,1.0,1.0,0.0,70.0
77,61080,1.0,0.0,1.0,0.6666666666666666,0.0,65.0
78,61090,1.0,0.11202329843589193,1.0,1.0,0.5,77.24046596871784
79,61091,1.0,0.0,1.0,1.0,0.5,75.00000000000001
80,61092,1.0,0.1963865231839093,1.0,0.6666666666666666,0.0,68.92773046367819
81,61093,1.0,0.6582334501198616,1.0,1.0,1.0,93.16466900239723
82,61094,1.0,0.10862350182175257,1.0,1.0,1.0,82.17247003643506
83,61095,1.0,0.07574908751379358,1.0,1.0,1.0,81.51498175027587
84,61097,1.0,0.07364494619396598,1.0,1.0,0.5,76.47289892387933
85,61106,1.0,0.26365704493751363,0.0,1.0,0.0,55.27314089875027
86,61135,1.0,0.507680054613723,1.0,0.6666666666666666,0.0,75.15360109227446
87,61150,1.0,0.0,1.0,1.0,0.5,75.00000000000001
88,61156,1.0,0.4299272534566663,1.0,1.0,0.5,83.59854506913334
89,61169,1.0,0.24598930481283482,1.0,0.3333333333333333,0.0,64.9197860962567
90,61184,1.0,0.0,1.0,0.6666666666666666,0.0,65.0
91,61193,1.0,0.19478336789261208,1.0,1.0,0.5,78.89566735785223
92,61202,1.0,0.20221154717665238,1.0,0.3333333333333333,0.5,69.04423094353305
93,61211,1.0,0.05255718627058366,1.0,1.0,1.0,81.05114372541166
94,61246,1.0,0.17043544690603557,1.0,0.0,0.5,63.40870893812072
95,61262,1.0,0.29277254683245374,1.0,1.0,0.5,80.85545093664909
96,61269,1.0,0.25249695837931196,1.0,1.0,1.0,85.04993916758623
97,61296,1.0,0.07456550802139056,1.0,0.6666666666666666,1.0,76.4913101604278
98,61300,1.0,0.14820473644003093,1.0,0.6666666666666666,0.5,72.96409472880062
99,61308,1.0,0.17416760997697067,1.0,0.3333333333333333,0.5,68.48335219953942
100,61322,1.0,0.23241197305368488,1.0,1.0,0.0,74.6482394610737
101,61326,0.9811320754716981,0.09004136817677352,1.0,1.0,0.0,71.14045000504491
102,61327,1.0,0.29826203208556223,1.0,0.3333333333333333,0.5,70.96524064171126
103,61363,1.0,0.37282754010695285,1.0,1.0,1.0,87.45655080213905
104,61371,1.0,0.15698001688713803,1.0,1.0,1.0,83.13960033774276
105,61381,1.0,0.14820473644003093,1.0,1.0,0.5,77.96409472880063
106,61392,0.9669211195928753,0.0,1.0,1.0,1.0,78.84223918575064
107,61410,1.0,0.0,1.0,1.0,1.0,80.0
108,61420,1.0,0.2607755471786337,1.0,1.0,0.0,75.21551094357267
109,61434,1.0,0.1325609031491388,1.0,0.6666666666666666,1.0,77.65121806298276
110,61453,1.0,0.0,1.0,1.0,0.5,75.00000000000001
111,61459,1.0,0.1428800153703292,1.0,1.0,0.5,77.8576003074066
112,61476,1.0,0.29751823649432646,1.0,1.0,0.5,80.95036472988653
113,61477,1.0,0.10652215431627224,1.0,0.3333333333333333,0.5,67.13044308632546
114,61502,1.0,0.10895416697189489,1.0,1.0,0.5,77.17908333943791
115,61503,1.0,0.0,1.0,0.3333333333333333,0.0,66.00000000000001
116,61520,1.0,0.0,1.0,1.0,0.0,77.0
117,61552,0.8211143695014662,0.20992049179042505,1.0,1.0,0.5,72.93741276835982
118,61557,1.0,0.1617692377413219,1.0,1.0,0.5,78.23538475482644
119,61558,1.0,0.07252572208767472,1.0,1.0,0.5,76.4505144417535
120,61584,1.0,0.35089650833595565,1.0,1.0,0.0,77.01793016671911
121,61587,1.0,0.07953654188948327,1.0,1.0,0.5,76.59073083778968
122,61588,1.0,0.0,1.0,1.0,0.0,77.0
123,61600,1.0,0.09284421232235401,1.0,0.3333333333333333,0.5,66.8568842464471
124,61601,0.9271523178807947,0.0,1.0,0.3333333333333333,0.5,62.45033112582783
125,61626,1.0,0.1311041899277197,1.0,0.3333333333333333,0.5,67.6220837985544
126,61629,1.0,0.47721925133689963,1.0,1.0,0.0,79.544385026738
127,61636,1.0,0.06213792335115881,1.0,1.0,1.0,81.24275846702318
128,61650,1.0,0.19399156558410552,1.0,1.0,0.5,78.87983131168211
129,61659,1.0,0.6483957219251354,1.0,1.0,0.5,87.96791443850272
130,61673,1.0,0.35613376965440274,1.0,1.0,0.0,77.12267539308806
131,61680,1.0,0.06665073342694128,1.0,1.0,0.5,76.33301466853882
132,61691,1.0,0.6628045157456939,1.0,1.0,0.0,83.25609031491389
133,61698,1.0,0.07165454224277772,1.0,0.0,1.0,66.43309084485554
134,61713,1.0,0.8583080060016179,1.0,0.6666666666666666,1.0,92.16616012003236
135,61724,1.0,0.22724726254138075,1.0,0.6666666666666666,1.0,79.54494525082761
136,61730,1.0,0.0,1.0,1.0,0.5,82.50000000000003
137,61731,1.0,0.565425653242772,1.0,1.0,1.0,91.30851306485543
138,61747,1.0,0.2643873968625483,1.0,0.0,1.0,70.28774793725096
139,61765,1.0,0.7017930166719113,1.0,1.0,0.5,89.03586033343824
140,61773,1.0,0.8171562522892116,1.0,0.3333333333333333,0.0,76.34312504578425
141,61780,1.0,0.11046741929094898,1.0,1.0,0.5,77.20934838581898
142,61799,1.0,0.05198466790162305,1.0,1.0,1.0,81.03969335803247
143,61800,1.0,0.0,1.0,0.3333333333333333,0.5,71.50000000000003
144,61803,1.0,0.0,1.0,1.0,0.0,70.0
145,61812,1.0,0.7574908751379359,1.0,0.6666666666666666,0.5,85.14981750275872
146,61817,1.0,0.6492778929753736,1.0,1.0,1.0,92.98555785950747
147,61820,0.9375,0.18641377005347642,1.0,0.3333333333333333,0.5,66.54077540106954
148,61828,1.0,0.3224454400924997,1.0,1.0,0.5,81.44890880185
149,61829,1.0,1.0,1.0,1.0,1.0,100.0
150,61845,1.0,0.28405907817672593,1.0,1.0,0.0,75.68118156353452
151,61846,1.0,0.0,1.0,0.0,0.5,60.00000000000001
152,61854,1.0,0.0,1.0,0.0,0.0,55.00000000000001
153,61856,1.0,0.0,1.0,1.0,1.0,80.0
154,61863,1.0,1.0,1.0,0.6666666666666666,0.0,85.0
155,61867,1.0,0.18738975837836375,1.0,1.0,0.5,78.74779516756728
156,61871,1.0,0.0,1.0,1.0,0.5,75.00000000000001
157,61890,1.0,0.15394169397964502,1.0,0.6666666666666666,0.5,73.07883387959289
158,61891,1.0,0.19884135472370817,1.0,1.0,0.5,78.97682709447416
159,61892,1.0,0.0,1.0,0.3333333333333333,0.5,65.00000000000001
160,61910,1.0,0.10796815641106326,1.0,1.0,1.0,82.15936312822126
161,61916,1.0,0.15595400370486914,1.0,1.0,1.0,83.11908007409738
162,61917,1.0,0.16685987808982503,1.0,0.6666666666666666,1.0,78.33719756179649
163,61919,1.0,1.0,1.0,0.6666666666666666,0.0,85.0
164,61947,1.0,0.07319313670811343,1.0,0.6666666666666666,0.0,66.46386273416226
165,61961,1.0,0.0,1.0,0.3333333333333333,0.5,65.00000000000001
166,61971,1.0,0.18937271878448397,1.0,1.0,0.0,73.78745437568969
167,61972,1.0,0.0,1.0,1.0,0.0,77.0
168,61975,1.0,0.23393100555730373,1.0,1.0,0.5,79.67862011114607
169,61978,1.0,0.19884135472370817,1.0,1.0,0.0,73.97682709447416
170,61983,1.0,0.0,1.0,0.3333333333333333,1.0,70.0
171,61986,1.0,0.19884135472370817,1.0,1.0,1.0,83.97682709447416
172,61995,1.0,0.0,1.0,1.0,0.5,75.00000000000001
173,62014,1.0,0.0,1.0,0.6666666666666666,0.5,70.0
174,62015,1.0,0.10374331550802166,1.0,0.6666666666666666,0.5,72.07486631016043
175,62027,1.0,0.111760948790843,1.0,1.0,0.0,72.23521897581686
176,62046,1.0,0.09506359588384454,1.0,1.0,0.5,76.9012719176769
177,62047,1.0,0.0,1.0,0.6666666666666666,0.5,70.0
178,62071,1.0,0.22093483858189797,1.0,1.0,1.0,84.41869677163795
179,62074,1.0,0.23624715412717803,1.0,1.0,1.0,84.72494308254356
180,62100,1.0,0.08987179874517884,1.0,1.0,1.0,81.79743597490358
181,62124,1.0,0.1794057335853006,1.0,1.0,1.0,83.58811467170601
182,62125,1.0,0.0,1.0,1.0,0.0,70.0
183,62144,1.0,0.15006894696128917,1.0,0.6666666666666666,1.0,78.00137893922579
184,62145,1.0,0.2434792098657651,1.0,0.3333333333333333,1.0,74.86958419731529
185,62161,1.0,0.17416760997697067,1.0,1.0,0.5,78.48335219953942
186,62162,1.0,0.27426393754994227,1.0,0.6666666666666666,0.5,75.48527875099886
187,62163,1.0,0.047626671790109744,1.0,0.3333333333333333,0.5,65.95253343580221
188,62183,1.0,0.12236391059920501,1.0,1.0,0.5,77.4472782119841
189,62205,1.0,0.310689616755794,1.0,1.0,0.5,81.21379233511588
190,62226,1.0,0.12967914438502706,1.0,1.0,1.0,82.59358288770053
191,62227,1.0,0.1645583625299654,1.0,1.0,0.5,78.29116725059932
192,62229,0.9278350515463918,0.08199643493761162,1.0,0.3333333333333333,0.0,59.11415550287595
193,62274,1.0,0.5422946037919314,1.0,0.6666666666666666,0.5,80.84589207583862
194,62275,1.0,1.0,1.0,1.0,0.5,95.0
195,62287,1.0,0.08372267567314028,1.0,1.0,0.0,71.67445351346281
196,62300,1.0,0.06312423959482799,1.0,1.0,1.0,81.26248479189655
197,62301,1.0,0.029457978477586393,1.0,1.0,0.5,75.58915956955174
198,62323,1.0,0.13038777358931686,1.0,0.6666666666666666,1.0,77.60775547178633
199,62332,1.0,0.07527117528973179,1.0,0.3333333333333333,0.5,66.50542350579465
200,62354,1.0,0.07772300510372958,1.0,0.3333333333333333,0.5,66.5544601020746
201,62358,1.0,0.16122272004624985,1.0,1.0,0.5,78.224454400925
202,62386,1.0,0.2402110325521307,1.0,1.0,0.5,79.80422065104261
203,62387,1.0,0.0,1.0,0.3333333333333333,0.5,65.00000000000001
204,62388,1.0,1.0,1.0,1.0,0.5,100.0
205,62389,1.0,0.3098826307382465,1.0,1.0,0.0,76.19765261476493
206,62431,1.0,0.047156052503646205,1.0,1.0,0.5,75.94312105007293
207,62432,1.0,0.0,1.0,1.0,1.0,80.0
208,62433,1.0,0.0,1.0,1.0,0.5,75.00000000000001
209,62448,1.0,0.607922613168025,1.0,1.0,1.0,100.0
210,62452,1.0,0.12492650558557582,1.0,1.0,0.5,77.49853011171152
211,62454,0.7662835249042146,0.04571065625832372,1.0,0.6666666666666666,0.5,62.73413649681399
212,62487,1.0,1.0,1.0,0.3333333333333333,0.5,85.00000000000001
213,62496,1.0,0.10196992549933752,1.0,1.0,0.0,72.03939850998675
214,62497,1.0,1.0,1.0,0.3333333333333333,0.0,80.0
215,62505,1.0,0.0,1.0,0.3333333333333333,0.0,60.00000000000001
216,62518,1.0,0.1653184473453463,1.0,1.0,0.5,78.30636894690693
217,62527,1.0,0.054229460379193135,1.0,1.0,1.0,81.08458920758386
218,62528,1.0,0.24598930481283482,1.0,0.6666666666666666,0.5,74.9197860962567
219,62549,1.0,0.14035860333438224,1.0,1.0,0.5,77.80717206668764
220,62550,1.0,0.08171562522892116,1.0,1.0,0.5,76.63431250457843
221,62563,1.0,0.169226684871241,1.0,1.0,1.0,83.38453369742483
222,62573,1.0,0.5244167597108788,1.0,0.3333333333333333,0.0,70.48833519421758
223,62579,1.0,0.29640947288006186,1.0,0.3333333333333333,0.5,70.92818945760125
224,62591,1.0,0.27426393754994227,1.0,1.0,1.0,85.48527875099884
225,62606,1.0,0.0,1.0,1.0,0.0,70.0
226,62621,1.0,0.31814616755793307,1.0,1.0,0.5,81.36292335115867
227,62622,1.0,0.06759479480692629,1.0,1.0,1.0,81.35189589613853
228,62623,1.0,1.0,1.0,1.0,0.5,95.0
229,62627,1.0,0.04839951839116629,1.0,1.0,1.0,80.96799036782332
230,62629,1.0,0.20393985099867504,1.0,0.6666666666666666,0.0,69.07879701997349
231,62630,1.0,1.0,0.0,1.0,0.5,75.00000000000001
232,62653,1.0,0.0,1.0,0.3333333333333333,0.5,65.00000000000001
233,62654,1.0,0.0,1.0,0.3333333333333333,0.5,65.00000000000001
234,62672,1.0,0.11471616618675472,1.0,0.0,0.5,62.2943233237351
235,62673,1.0,0.0,1.0,1.0,0.0,77.0
236,62690,1.0,0.0,1.0,1.0,0.0,70.0
237,62700,1.0,0.20221154717665238,1.0,0.3333333333333333,0.5,69.04423094353305
238,62702,1.0,0.39768270944741635,1.0,0.3333333333333333,0.5,72.95365418894833
239,62716,1.0,0.24101982390752508,1.0,1.0,1.0,84.8203964781505
240,62723,1.0,0.0,0.0,0.3333333333333333,1.0,50.0
241,62754,1.0,1.0,1.0,1.0,0.0,99.00000000000001
242,62768,1.0,1.0,1.0,1.0,1.0,100.0
243,62769,1.0,0.0,0.0,0.3333333333333333,0.5,44.99999999999999
244,62770,1.0,0.15595400370486914,0.0,1.0,0.5,58.11908007409738
245,62771,1.0,0.10442434383739597,0.0,0.6666666666666666,0.5,52.08848687674792
246,62772,1.0,0.25656948996607504,0.0,1.0,0.5,60.1313897993215
247,62773,1.0,0.07672335230496778,0.0,0.3333333333333333,0.5,46.53446704609935
248,62774,1.0,0.6448908801849994,1.0,0.6666666666666666,0.5,91.18759936407
249,62775,1.0,0.20393985099867504,0.0,1.0,0.0,54.0787970199735
250,62776,1.0,0.0,0.0,0.3333333333333333,1.0,50.0
251,62777,1.0,0.07080404322505929,0.0,0.3333333333333333,0.5,46.41608086450118
252,62778,1.0,0.12967914438502706,0.0,1.0,0.0,52.59358288770054
253,62779,1.0,0.11696550277865186,0.0,1.0,0.0,52.33931005557303
254,62780,1.0,0.2726967150496569,0.0,1.0,1.0,65.45393430099313
255,62781,1.0,0.25656948996607504,0.0,1.0,0.0,55.1313897993215
256,62782,1.0,0.15006894696128917,0.0,1.0,0.5,58.00137893922579
257,62787,1.0,0.08708380498848534,0.0,1.0,0.0,51.741676099769705
258,62789,1.0,0.0,0.0,1.0,0.5,55.00000000000001
259,62790,1.0,0.0,0.0,0.3333333333333333,0.5,44.99999999999999
260,62791,1.0,0.34581105169340554,0.0,1.0,1.0,66.91622103386811
261,62792,1.0,0.11871125655146757,0.0,1.0,0.5,57.374225131029355
262,62793,1.0,0.3224454400924997,0.0,1.0,0.0,56.448908801849996
263,62794,1.0,0.7780748663101623,0.0,1.0,0.0,65.56149732620324
264,62796,1.0,0.35613376965440274,0.0,0.6666666666666666,0.5,57.12267539308806
265,62798,1.0,0.0,1.0,0.3333333333333333,0.0,66.00000000000001
266,62799,1.0,0.2093066891828507,0.0,1.0,1.0,64.18613378365701
267,62800,1.0,0.0510941382587687,0.0,1.0,1.0,61.02188276517537
268,62801,1.0,0.2681007029982582,1.0,1.0,0.0,75.36201405996516
269,62806,1.0,0.09595561353959108,1.0,1.0,0.5,76.91911227079183
270,62896,1.0,0.15006894696128917,1.0,1.0,0.0,73.00137893922579
271,62913,1.0,0.3329436637234183,0.0,1.0,0.0,56.65887327446837
272,62919,1.0,1.0,0.0,0.6666666666666666,0.5,70.0
273,62920,1.0,0.5187165775401082,1.0,0.3333333333333333,0.5,82.9117647058824
274,62933,1.0,0.12299465240641741,1.0,1.0,0.5,77.45989304812836
275,62964,1.0,0.32686250091568464,1.0,1.0,1.0,95.19097502014507
276,62967,1.0,0.11098122124113945,1.0,0.0,0.5,62.2196244248228
277,62995,1.0,0.0,1.0,1.0,1.0,80.0
278,62996,1.0,0.35613376965440274,1.0,1.0,0.0,84.83494293239687
279,63016,1.0,0.7319313670811344,1.0,1.0,1.0,94.6386273416227
280,63017,1.0,0.0,1.0,1.0,1.0,88.0
281,63018,1.0,0.04260886172650889,1.0,1.0,0.5,75.85217723453019
282,63033,1.0,0.026870453341041645,1.0,1.0,1.0,80.53740906682083
283,63034,1.0,0.17104632664405003,1.0,0.3333333333333333,0.5,68.42092653288101
284,63063,1.0,0.11871125655146757,1.0,1.0,0.5,77.37422513102935
285,63080,1.0,0.17674787086551835,1.0,1.0,0.5,78.53495741731037
286,63081,1.0,0.3670917317976151,1.0,0.6666666666666666,0.0,72.34183463595231
287,63087,1.0,0.09142131251664744,1.0,0.0,0.0,56.82842625033295
288,63104,1.0,0.0,1.0,0.6666666666666666,0.5,70.0
289,63136,1.0,0.0,1.0,1.0,0.5,75.00000000000001
290,63139,1.0,0.06976889639428356,1.0,1.0,0.5,76.39537792788568
291,63142,1.0,0.36428950483732797,1.0,1.0,0.5,82.28579009674655
292,63154,1.0,0.4299272534566663,1.0,0.6666666666666666,0.0,73.59854506913332
293,63156,0.8839779005524863,0.06591426123437841,1.0,0.3333333333333333,1.0,67.25751174402458
294,63169,1.0,0.0,1.0,1.0,0.0,70.0
295,63179,1.0,0.0,1.0,0.3333333333333333,0.5,65.00000000000001
296,63203,1.0,0.10604872251931102,1.0,1.0,0.0,72.12097445038623
297,63204,1.0,0.14549367418807915,1.0,0.3333333333333333,0.0,69.20086083213775
298,63223,1.0,0.15198065329200625,1.0,1.0,0.5,78.03961306584013
299,63224,1.0,0.19359807356466516,1.0,1.0,0.5,78.8719614712933
300,63263,1.0,0.0,1.0,1.0,0.5,75.00000000000001
301,63267,1.0,0.6930570040162443,1.0,0.6666666666666666,0.5,83.86114008032489
302,63285,0.8620689655172414,0.0,1.0,0.0,0.5,55.172413793103445
303,63286,1.0,0.11308513064855441,1.0,1.0,0.5,77.26170261297109
304,63317,1.0,0.0,1.0,1.0,0.0,70.0
305,63331,1.0,0.0,1.0,0.3333333333333333,0.5,65.00000000000001
306,63353,1.0,0.1510187504230695,1.0,1.0,1.0,83.02037500846139
307,63354,1.0,0.15698001688713803,1.0,1.0,0.5,78.13960033774276
308,63355,1.0,0.13673904049767896,1.0,0.6666666666666666,0.0,67.73478080995358
309,63383,1.0,0.13557365094798285,1.0,1.0,0.5,77.71147301895967
310,63385,1.0,0.0,1.0,1.0,1.0,80.0
311,63386,1.0,0.05290679061384697,1.0,1.0,0.0,71.05813581227694
312,63414,0.9606986899563319,0.2083926861733186,1.0,0.0,1.0,67.79230787193798
313,63418,1.0,0.1236319303981605,1.0,0.0,0.5,62.47263860796322
314,63445,1.0,0.100679166948713,1.0,0.3333333333333333,1.0,72.01358333897426
315,63449,1.0,0.06537250018313694,1.0,0.6666666666666666,0.5,71.30745000366274
316,63453,1.0,0.20221154717665238,1.0,1.0,1.0,84.04423094353304
317,63454,1.0,0.0,1.0,1.0,0.5,75.00000000000001
318,63455,1.0,0.7341834635952302,1.0,0.3333333333333333,1.0,84.68366927190462
319,63456,1.0,0.06997349726347502,1.0,1.0,0.0,71.3994699452695
320,63462,1.0,1.0,1.0,0.0,1.0,93.50000000000001
321,63465,1.0,0.7017930166719113,1.0,0.6666666666666666,0.5,92.43944636678205
322,63478,1.0,1.0,1.0,1.0,0.5,100.0
323,63497,1.0,0.0,1.0,1.0,0.5,75.00000000000001
324,63500,1.0,0.20481512932914148,1.0,0.3333333333333333,0.5,69.09630258658284
325,63502,1.0,0.4869584197315302,1.0,1.0,0.0,87.71308523409368
326,63516,1.0,0.5302436125965552,1.0,1.0,0.5,85.60487225193111
327,63517,1.0,0.3119080074097383,1.0,0.0,0.0,61.238160148194765
328,63526,0.7509881422924901,0.18862421001458482,1.0,0.6666666666666666,1.0,70.05706918052886
329,63529,1.0,0.16343125045784232,0.0,0.3333333333333333,0.5,48.26862500915684
330,63539,1.0,0.394396075485041,1.0,0.6666666666666666,1.0,82.88792150970082
331,63540,1.0,0.15854460177305635,1.0,1.0,0.5,78.17089203546114
332,63545,1.0,0.9544385026737993,1.0,0.3333333333333333,0.0,86.99764705882359
333,63561,1.0,0.12967914438502706,1.0,1.0,0.5,77.59358288770053
334,63562,1.0,1.0,1.0,0.3333333333333333,0.0,88.0
335,63576,1.0,0.06683743015922963,1.0,1.0,1.0,81.33674860318459
336,63577,1.0,0.0,1.0,0.6666666666666666,0.5,77.0
337,63578,0.6922357343311506,0.022320825600416257,1.0,1.0,0.5,64.6746672135986
338,63579,1.0,0.0,1.0,0.3333333333333333,1.0,70.0
339,63589,1.0,0.6405627534723485,1.0,0.6666666666666666,0.0,77.81125506944696
340,63625,1.0,0.0627920067548552,0.0,0.3333333333333333,1.0,51.255840135097095
341,63626,1.0,0.08033994130250836,0.0,0.3333333333333333,0.5,46.60679882605016
342,63627,1.0,0.0,0.0,1.0,1.0,60.0
343,63631,1.0,0.07433321671914324,0.0,0.6666666666666666,0.0,46.48666433438286
344,63633,1.0,0.12492650558557582,0.0,0.3333333333333333,0.0,42.49853011171151
345,63634,1.0,0.22093483858189797,0.0,0.3333333333333333,0.5,49.418696771637954
346,63659,1.0,0.07672335230496778,1.0,0.0,1.0,66.53446704609935
347,63661,1.0,0.0,1.0,1.0,0.5,75.00000000000001
348,63662,1.0,0.0,1.0,1.0,0.5,75.00000000000001
349,63663,1.0,0.2189079134572934,1.0,1.0,0.5,79.37815826914589
350,63664,1.0,0.0,0.0,1.0,0.0,50.0
351,63665,1.0,0.4338356830335451,0.0,1.0,0.5,63.676713660670906
352,63697,0.8871745419479268,0.02300960710399709,1.0,1.0,0.5,71.51130111025739
353,63713,0.9847198641765704,0.6076645814985988,1.0,1.0,0.5,86.61848687615196
354,63714,1.0,0.06740384905888412,0.0,1.0,0.5,56.348076981177684
355,63749,1.0,0.2579563520739998,1.0,1.0,0.5,80.15912704147999
356,63750,1.0,0.09942067736185409,0.0,0.3333333333333333,0.0,41.98841354723708
357,63751,1.0,1.0,0.0,1.0,0.5,75.00000000000001
358,63752,1.0,1.0,0.0,1.0,0.5,75.00000000000001
359,63753,1.0,0.04370139664257322,0.0,1.0,0.0,50.87402793285146
360,63754,1.0,0.2607755471786337,0.0,1.0,1.0,65.21551094357267
361,63755,1.0,1.0,0.0,1.0,0.0,70.0
362,63756,1.0,1.0,1.0,1.0,1.0,100.0
363,63757,1.0,0.33140225787284694,0.0,1.0,0.5,61.628045157456945
364,63758,1.0,0.5278974019213492,0.0,1.0,0.5,65.55794803842699
365,63759,1.0,0.1529548882490063,0.0,1.0,0.0,53.05909776498012
366,63760,1.0,0.6312423959482799,0.0,1.0,0.5,67.6248479189656
367,63761,1.0,0.5362014059965164,0.0,1.0,0.5,65.72402811993034
368,63762,1.0,0.10284897658122835,1.0,0.3333333333333333,1.0,72.05697953162456
369,63763,1.0,0.1417482924763068,0.0,1.0,0.5,57.83496584952614
370,63764,1.0,0.0,0.0,1.0,0.5,55.00000000000001
371,63767,1.0,0.5302436125965552,0.0,1.0,0.5,65.6048722519311
372,63768,1.0,0.4886203938603067,0.0,1.0,1.0,69.77240787720613
373,63769,1.0,0.7437183137717917,0.0,1.0,0.5,69.87436627543585
374,63770,0.9689922480620154,0.0,1.0,1.0,1.0,78.91472868217053
375,63772,1.0,0.5891595695517279,0.0,0.6666666666666666,0.5,61.78319139103456
376,63773,1.0,0.17084221408242228,1.0,1.0,1.0,83.41684428164844
377,63774,1.0,0.13480769811776824,0.0,1.0,1.0,62.69615396235536
378,63775,1.0,0.20658842049216433,0.0,1.0,0.5,59.13176840984329
379,63776,1.0,0.057914957686516944,0.0,1.0,0.5,56.15829915373034
380,63779,1.0,0.0,0.0,1.0,0.5,55.00000000000001
381,63789,1.0,1.0,1.0,1.0,0.5,95.0
382,63792,1.0,0.2219624424822789,1.0,1.0,0.0,74.43924884964558
383,63793,1.0,0.16982891506651232,1.0,0.3333333333333333,0.0,63.39657830133025
384,63794,1.0,0.0,0.0,1.0,0.5,55.00000000000001
385,63804,1.0,0.0,0.0,1.0,1.0,60.0
386,63805,1.0,0.24472782119841002,0.0,1.0,1.0,64.8945564239682
387,63806,1.0,0.253105678143968,1.0,1.0,0.5,80.06211356287936
388,63807,1.0,0.604075001692278,0.0,0.3333333333333333,0.5,57.081500033845565
389,63809,1.0,0.34581105169340554,0.0,0.6666666666666666,1.0,61.916221033868105
390,63810,0.989010989010989,0.1311041899277197,0.0,0.3333333333333333,0.5,47.237468413939006
391,63813,1.0,0.0,0.0,0.3333333333333333,0.5,44.99999999999999
392,63815,1.0,0.11582991537303389,1.0,1.0,0.5,77.31659830746068
393,63816,0.8247422680412371,0.16399286987522324,0.0,0.3333333333333333,0.5,42.14583677894776
394,63817,1.0,0.07503447348064458,0.0,1.0,0.5,56.500689469612894
395,63818,0.8403361344537815,0.0,0.0,0.6666666666666666,0.5,44.41176470588235
396,63824,1.0,0.5023360540388416,0.0,1.0,1.0,70.04672108077683
397,63825,1.0,0.4502068408838676,0.0,1.0,0.0,59.004136817677356
398,63827,1.0,0.21496362672833316,0.0,1.0,0.5,59.29927253456666
399,63828,1.0,0.5012807261942223,0.0,1.0,1.0,70.02561452388444
400,63904,1.0,0.11639493935046331,0.0,0.6666666666666666,0.5,52.32789878700926
401,63906,1.0,0.4539306360938251,1.0,1.0,1.0,89.0786127218765
402,63908,1.0,0.0,0.0,1.0,1.0,60.0
403,63912,1.0,0.18830522882515768,1.0,1.0,1.0,83.76610457650315
404,63927,1.0,0.0503395834743565,0.0,1.0,1.0,61.00679166948713
405,63932,1.0,0.10196992549933752,1.0,0.3333333333333333,1.0,72.03939850998675
406,63955,1.0,0.048795424472075626,0.0,1.0,0.0,50.975908489441515
407,63956,1.0,0.05950364729886529,1.0,0.3333333333333333,0.5,66.19007294597732
408,63958,1.0,0.054477083485947445,1.0,1.0,1.0,81.08954166971894
409,63960,1.0,0.0,0.0,0.3333333333333333,1.0,50.0
410,63966,1.0,0.08903344241360069,0.0,0.3333333333333333,0.5,46.780668848272015
411,63969,0.9244992295839755,0.11029720755090129,0.0,0.3333333333333333,0.0,39.56341718645716
412,63982,0.7857142857142857,0.04260886172650889,1.0,0.3333333333333333,1.0,63.352177234530174
413,63998,1.0,0.0,1.0,0.3333333333333333,0.5,71.50000000000003
414,64004,1.0,0.14245350786176106,1.0,1.0,1.0,82.84907015723522
415,64005,1.0,0.1208150003384556,1.0,1.0,0.5,85.15793000744604
416,64024,0.773286467486819,0.0,1.0,0.0,0.5,52.065026362038665
417,64041,1.0,0.10284897658122835,1.0,1.0,1.0,82.05697953162456
418,64065,1.0,0.0,1.0,0.6666666666666666,0.5,70.0
419,64066,1.0,0.0,1.0,0.3333333333333333,0.5,71.50000000000003
420,64104,1.0,0.9805875027470541,1.0,0.3333333333333333,1.0,98.57292506043518
421,64116,1.0,0.0,1.0,0.3333333333333333,0.5,71.50000000000003
422,64140,1.0,0.09506359588384454,1.0,1.0,0.5,76.9012719176769
423,64378,1.0,0.0,1.0,0.3333333333333333,0.5,65.00000000000001
424,64419,1.0,1.0,1.0,0.3333333333333333,0.5,93.50000000000003
425,64505,1.0,0.10796815641106326,1.0,1.0,0.5,77.15936312822127
426,64539,1.0,0.09468635939224199,0.0,1.0,0.5,56.893727187844846
427,64540,1.0,0.14638627341622687,0.0,1.0,1.0,62.92772546832454
428,64541,1.0,0.0489958163590246,0.0,1.0,0.5,55.97991632718049
429,64554,1.0,0.10748181336416658,0.0,1.0,0.5,57.149636267283334
430,64564,1.0,0.302037500846139,0.0,0.0,1.0,51.04075001692278
431,64571,1.0,0.09983666345960243,0.0,1.0,0.5,56.99673326919205
432,64575,1.0,0.08936690099941941,1.0,0.0,0.5,61.78733801998839
433,64583,0.9364548494983278,0.07980255039078589,1.0,1.0,0.5,74.3719707402572
434,64595,1.0,0.25656948996607504,1.0,0.3333333333333333,0.5,70.13138979932151
435,64599,1.0,0.0,1.0,1.0,0.0,70.0
436,64655,1.0,0.13634835752482846,0.0,1.0,0.5,57.72696715049656
437,64681,1.0,0.0,0.0,0.6666666666666666,0.5,49.99999999999999
438,64684,1.0,0.0,1.0,1.0,1.0,80.0
439,64687,1.0,0.2774530531028486,0.0,1.0,0.5,60.54906106205698
440,64689,1.0,0.053862217983848715,1.0,1.0,0.5,76.07724435967698
441,64695,1.0,0.49029375137352704,0.0,1.0,0.0,59.805875027470535
442,64696,1.0,0.0,0.0,0.6666666666666666,0.5,49.99999999999999
443,64709,1.0,0.1645583625299654,1.0,0.3333333333333333,0.0,63.291167250599315
444,64717,1.0,0.0,0.0,1.0,0.5,55.00000000000001
445,64718,1.0,0.13480769811776824,1.0,1.0,0.0,72.69615396235537
446,64819,1.0,0.10526895250078667,0.0,1.0,0.0,52.105379050015735
447,64821,1.0,0.09394079750726371,1.0,1.0,1.0,81.87881595014528
448,64822,1.0,0.0,1.0,1.0,0.5,82.50000000000003
449,64823,1.0,0.12492650558557582,1.0,0.6666666666666666,0.5,79.74838312288267
450,64827,1.0,0.18354586589880756,1.0,0.3333333333333333,1.0,73.67091731797616
451,64891,1.0,0.08401747382691895,1.0,0.3333333333333333,0.0,61.680349476538375
452,64913,1.0,0.06181596519908025,1.0,0.3333333333333333,0.5,66.23631930398162
453,64934,1.0,0.2666029337077651,1.0,1.0,0.5,80.3320586741553
454,64939,1.0,0.29826203208556223,1.0,1.0,0.0,75.96524064171125
455,64964,1.0,0.4338356830335451,0.0,0.6666666666666666,0.5,58.67671366067091
456,64984,1.0,0.18354586589880756,1.0,0.3333333333333333,0.5,75.53800904977379
457,65000,1.0,0.21790833394378978,0.0,1.0,0.5,59.358166678875804
458,65112,1.0,0.05681181563534519,1.0,1.0,0.0,71.1362363127069
459,65129,1.0,0.20051229047768893,0.0,1.0,0.0,54.01024580955378
460,65144,0.9523809523809523,0.0,1.0,1.0,0.5,80.66666666666669
461,65228,1.0,0.1733241832942735,0.0,1.0,0.5,58.46648366588547
462,65232,1.0,0.46786201111460746,1.0,0.6666666666666666,1.0,92.79296424452136
463,65253,1.0,0.3848542349491126,1.0,1.0,1.0,87.69708469898225
464,65280,1.0,0.05523370964547449,1.0,1.0,1.0,81.10467419290948
465,65283,1.0,0.786625139566318,1.0,1.0,0.5,90.73250279132637
466,65284,1.0,0.34087089381207114,1.0,1.0,1.0,86.81741787624142
467,65286,1.0,0.11362363127069038,0.0,1.0,1.0,62.2724726254138
468,65301,1.0,0.2726967150496569,1.0,1.0,1.0,85.45393430099314
469,65302,1.0,0.3085469297436851,1.0,1.0,0.5,81.1709385948737
470,65303,1.0,0.3125890292599779,1.0,1.0,0.5,81.25178058519957
471,65304,1.0,0.2857600307406584,1.0,1.0,1.0,85.71520061481317
472,65321,1.0,0.28405907817672593,1.0,0.6666666666666666,0.5,83.24929971988799
473,65362,1.0,0.06876358088427949,1.0,1.0,1.0,89.51279877945414
474,65363,1.0,0.30887977432809033,1.0,1.0,0.5,81.17759548656181
475,65364,1.0,0.0,1.0,1.0,1.0,88.0
476,65440,1.0,0.10110577358832619,1.0,1.0,1.0,82.02211547176653
477,65444,1.0,0.34681631637856075,1.0,1.0,0.5,81.93632632757122
478,65445,0.8752025931928686,0.03867254873070499,1.0,1.0,0.5,71.40554173636451
479,65453,1.0,0.0,1.0,1.0,1.0,80.0
480,65455,1.0,0.07319313670811343,1.0,1.0,1.0,81.46386273416226
481,65459,1.0,0.0549791764213018,0.0,1.0,0.5,56.09958352842603
482,65477,1.0,0.2251034204419338,1.0,1.0,1.0,84.50206840883867
483,65707,1.0,0.20051229047768893,0.0,0.3333333333333333,0.5,49.01024580955378
484,65773,1.0,0.5619429590017839,1.0,1.0,1.0,91.23885918003567
485,65816,1.0,0.0,0.0,0.3333333333333333,0.0,44.0
486,65822,1.0,0.11582991537303389,1.0,1.0,0.0,79.54825813820675
487,65823,1.0,0.7635508021390395,1.0,0.3333333333333333,1.0,85.27101604278079
488,65825,1.0,0.2622083798554394,1.0,1.0,0.5,88.26858435681969
489,65904,1.0,0.0,0.0,0.3333333333333333,1.0,50.0
490,65944,1.0,0.29579705661378075,1.0,1.0,1.0,85.9159411322756
491,65945,1.0,0.2283345700176553,1.0,1.0,1.0,84.56669140035311
492,65946,1.0,0.3033173207649785,1.0,1.0,1.0,86.06634641529958
493,65947,1.0,0.2201195808749537,1.0,1.0,1.0,84.40239161749908
494,65948,1.0,0.13634835752482846,1.0,1.0,0.5,77.72696715049658
