,IN_INTERNET_ALUNOS,IN_BANDA_LARGA,IN_REFEITORIO,IN_ESPACO_ATIVIDADE,IN_ACESSO_INTERNET_COMPUTADOR,TP_DEPENDENCIA,QT_MAT_MED,TP_LOCALIZACAO,QT_PROF_PSICOLOGO,QT_PROF_PEDAGOGIA,QT_TRANSP_PUBLICO,QT_DOC_MED
60499,1.0,1.0,1.0,1.0,0.0,2,116.0,1,0.0,1.0,20.0,12.0
60500,1.0,1.0,1.0,1.0,1.0,2,64.0,1,0.0,2.0,25.0,10.0
60508,1.0,1.0,0.0,1.0,1.0,2,126.0,1,0.0,1.0,69.0,11.0
60513,1.0,1.0,0.0,0.0,1.0,2,142.0,1,0.0,1.0,14.0,11.0
60514,1.0,1.0,0.0,0.0,1.0,2,125.0,1,0.0,1.0,42.0,12.0
60536,1.0,1.0,0.0,0.0,0.0,2,53.0,1,0.0,2.0,14.0,8.0
60542,1.0,1.0,0.0,0.0,1.0,2,136.0,1,0.0,3.0,47.0,15.0
60556,1.0,1.0,1.0,0.0,1.0,2,201.0,2,1.0,1.0,225.0,21.0
60557,1.0,1.0,1.0,1.0,0.0,2,423.0,1,0.0,2.0,88.0,24.0
60560,1.0,1.0,1.0,0.0,1.0,2,105.0,1,0.0,1.0,39.0,9.0
60575,0.0,1.0,1.0,0.0,0.0,2,120.0,1,0.0,2.0,36.0,14.0
60576,1.0,0.0,0.0,0.0,1.0,2,73.0,1,0.0,1.0,33.0,8.0
60596,1.0,1.0,0.0,0.0,0.0,2,137.0,1,0.0,1.0,40.0,11.0
60603,0.0,1.0,0.0,0.0,0.0,2,132.0,1,0.0,1.0,70.0,9.0
60623,0.0,1.0,0.0,0.0,0.0,2,744.0,1,0.0,0.0,769.0,33.0
60663,1.0,1.0,0.0,0.0,0.0,2,207.0,1,0.0,1.0,136.0,17.0
60664,0.0,1.0,1.0,0.0,0.0,2,199.0,1,0.0,1.0,107.0,15.0
60666,1.0,1.0,0.0,0.0,1.0,2,53.0,2,0.0,0.0,90.0,7.0
60683,1.0,1.0,0.0,0.0,1.0,2,118.0,1,0.0,1.0,135.0,14.0
60685,0.0,1.0,0.0,1.0,0.0,2,94.0,1,0.0,1.0,69.0,9.0
60691,1.0,1.0,0.0,0.0,1.0,2,206.0,1,0.0,1.0,68.0,15.0
60692,0.0,1.0,0.0,1.0,0.0,2,71.0,1,0.0,0.0,97.0,10.0
60708,1.0,1.0,1.0,1.0,1.0,2,289.0,1,0.0,1.0,300.0,25.0
60718,1.0,1.0,0.0,1.0,1.0,2,129.0,1,0.0,2.0,13.0,21.0
60719,1.0,1.0,0.0,1.0,0.0,2,197.0,1,0.0,0.0,8.0,15.0
60720,1.0,1.0,0.0,9.0,1.0,2,395.0,1,0.0,1.0,40.0,38.0
60723,1.0,1.0,0.0,1.0,1.0,2,300.0,1,0.0,2.0,120.0,22.0
60726,1.0,1.0,0.0,0.0,1.0,2,722.0,1,0.0,0.0,267.0,40.0
60747,1.0,1.0,1.0,1.0,1.0,1,329.0,1,0.0,8.0,350.0,60.0
60750,1.0,1.0,1.0,1.0,1.0,1,147.0,1,1.0,1.0,156.0,11.0
60753,0.0,1.0,0.0,0.0,0.0,2,81.0,1,0.0,1.0,27.0,10.0
60762,1.0,1.0,0.0,1.0,1.0,2,136.0,1,0.0,1.0,71.0,12.0
60768,1.0,1.0,0.0,1.0,0.0,2,64.0,1,0.0,0.0,48.0,13.0
60769,1.0,0.0,0.0,1.0,0.0,2,99.0,1,0.0,1.0,32.0,10.0
60778,1.0,1.0,1.0,0.0,1.0,2,112.0,1,0.0,1.0,21.0,15.0
60783,1.0,1.0,0.0,1.0,0.0,2,376.0,1,0.0,1.0,205.0,21.0
60790,1.0,1.0,0.0,0.0,1.0,2,91.0,1,0.0,1.0,44.0,13.0
60791,1.0,1.0,1.0,0.0,1.0,2,132.0,1,0.0,16.0,179.0,12.0
60792,1.0,1.0,0.0,9.0,1.0,2,173.0,1,0.0,0.0,173.0,12.0
60813,1.0,1.0,0.0,9.0,1.0,2,176.0,1,0.0,1.0,20.0,16.0
60814,1.0,1.0,0.0,0.0,1.0,2,166.0,1,0.0,0.0,86.0,18.0
60815,0.0,,0.0,0.0,0.0,2,75.0,1,0.0,0.0,45.0,9.0
60816,1.0,1.0,1.0,1.0,1.0,2,92.0,1,0.0,0.0,119.0,10.0
60818,0.0,1.0,0.0,0.0,0.0,2,28.0,2,0.0,4.0,41.0,9.0
60850,1.0,1.0,1.0,1.0,1.0,2,184.0,1,0.0,2.0,59.0,19.0
60861,1.0,1.0,0.0,0.0,1.0,2,97.0,1,0.0,4.0,53.0,10.0
60870,1.0,1.0,1.0,9.0,1.0,2,123.0,1,0.0,1.0,59.0,10.0
60878,1.0,1.0,1.0,1.0,1.0,2,168.0,1,0.0,1.0,24.0,11.0
60884,0.0,1.0,0.0,1.0,0.0,2,192.0,1,0.0,1.0,109.0,14.0
60893,1.0,1.0,0.0,0.0,1.0,2,106.0,1,0.0,1.0,57.0,11.0
60914,1.0,1.0,0.0,1.0,1.0,2,200.0,1,0.0,1.0,7.0,18.0
60915,1.0,1.0,0.0,1.0,1.0,2,112.0,1,0.0,0.0,9.0,20.0
60916,1.0,1.0,0.0,1.0,1.0,2,670.0,1,0.0,1.0,4.0,51.0
60918,1.0,1.0,0.0,1.0,1.0,2,16.0,1,0.0,1.0,4.0,11.0
60919,1.0,1.0,0.0,0.0,1.0,2,92.0,1,0.0,1.0,64.0,12.0
60922,1.0,1.0,0.0,0.0,1.0,2,105.0,1,0.0,2.0,30.0,8.0
60924,1.0,0.0,1.0,1.0,1.0,2,87.0,1,0.0,1.0,66.0,11.0
60961,1.0,1.0,1.0,1.0,1.0,2,167.0,1,0.0,3.0,89.0,14.0
60967,1.0,1.0,0.0,1.0,1.0,2,175.0,1,0.0,0.0,145.0,15.0
60977,1.0,1.0,1.0,1.0,1.0,1,334.0,1,1.0,5.0,0.0,75.0
60979,0.0,,0.0,1.0,0.0,2,44.0,2,0.0,0.0,11.0,14.0
60980,1.0,1.0,1.0,1.0,1.0,2,10.0,1,0.0,1.0,0.0,10.0
60981,0.0,1.0,1.0,1.0,0.0,2,193.0,1,0.0,5.0,105.0,16.0
60984,1.0,1.0,0.0,1.0,1.0,2,122.0,1,0.0,2.0,43.0,19.0
60985,1.0,1.0,0.0,0.0,0.0,2,70.0,2,0.0,2.0,184.0,14.0
60986,1.0,1.0,0.0,0.0,1.0,2,8.0,2,0.0,0.0,0.0,6.0
60990,1.0,1.0,0.0,1.0,1.0,2,89.0,2,0.0,2.0,74.0,15.0
60991,1.0,1.0,1.0,1.0,1.0,2,592.0,1,0.0,1.0,39.0,33.0
61001,1.0,1.0,0.0,1.0,1.0,2,640.0,1,0.0,1.0,175.0,40.0
61003,1.0,1.0,0.0,1.0,1.0,2,144.0,1,0.0,3.0,0.0,17.0
61025,1.0,1.0,0.0,1.0,1.0,2,133.0,1,0.0,1.0,0.0,22.0
61036,1.0,1.0,1.0,1.0,1.0,2,157.0,1,0.0,4.0,15.0,14.0
61041,0.0,1.0,1.0,0.0,0.0,2,117.0,1,0.0,2.0,77.0,11.0
61046,1.0,1.0,0.0,1.0,0.0,2,130.0,1,0.0,1.0,92.0,11.0
61052,1.0,1.0,0.0,0.0,0.0,2,94.0,1,0.0,1.0,41.0,8.0
61071,0.0,,0.0,0.0,0.0,2,101.0,1,0.0,1.0,48.0,10.0
61079,1.0,1.0,0.0,0.0,1.0,2,78.0,1,0.0,0.0,65.0,9.0
61080,1.0,1.0,0.0,0.0,0.0,2,53.0,1,0.0,0.0,13.0,6.0
61090,1.0,1.0,0.0,9.0,1.0,2,213.0,1,0.0,1.0,12.0,20.0
61091,1.0,1.0,0.0,1.0,1.0,2,105.0,1,0.0,0.0,76.0,10.0
61092,1.0,1.0,0.0,0.0,0.0,2,243.0,1,0.0,2.0,15.0,17.0
61093,1.0,1.0,1.0,1.0,1.0,2,145.0,1,0.0,4.0,7.0,13.0
61094,1.0,1.0,1.0,1.0,1.0,2,659.0,1,0.0,3.0,29.0,35.0
61095,1.0,1.0,1.0,1.0,1.0,2,315.0,1,0.0,1.0,44.0,25.0
61097,1.0,1.0,0.0,1.0,1.0,2,324.0,1,0.0,1.0,26.0,22.0
61106,1.0,1.0,0.0,0.0,1.0,2,181.0,1,0.0,2.0,0.0,18.0
61135,1.0,1.0,0.0,0.0,0.0,2,47.0,1,0.0,1.0,30.0,8.0
61150,1.0,1.0,0.0,1.0,1.0,2,109.0,1,0.0,0.0,57.0,14.0
61156,1.0,1.0,0.0,1.0,1.0,2,111.0,1,0.0,2.0,56.0,18.0
61169,0.0,1.0,0.0,0.0,0.0,2,97.0,1,0.0,1.0,50.0,10.0
61184,1.0,0.0,0.0,0.0,9.0,2,120.0,1,0.0,0.0,113.0,14.0
61193,1.0,1.0,1.0,0.0,1.0,2,245.0,1,0.0,2.0,50.0,20.0
61202,0.0,1.0,0.0,1.0,0.0,2,118.0,1,0.0,1.0,52.0,12.0
61211,1.0,1.0,1.0,1.0,1.0,2,454.0,1,0.0,1.0,91.0,30.0
61246,0.0,,0.0,1.0,0.0,2,140.0,1,0.0,1.0,63.0,15.0
61262,1.0,1.0,0.0,1.0,1.0,2,163.0,1,0.0,2.0,128.0,21.0
61269,1.0,1.0,1.0,1.0,1.0,2,189.0,1,0.0,2.0,76.0,18.0
61296,1.0,1.0,1.0,1.0,0.0,2,320.0,1,0.0,1.0,94.0,19.0
61300,1.0,1.0,0.0,1.0,0.0,2,161.0,1,0.0,1.0,86.0,11.0
61308,0.0,1.0,0.0,1.0,0.0,2,137.0,1,0.0,1.0,36.0,12.0
61322,1.0,1.0,0.0,0.0,1.0,2,308.0,1,0.0,3.0,50.0,26.0
61326,1.0,1.0,0.0,0.0,1.0,2,265.0,1,0.0,1.0,129.0,13.0
61327,0.0,1.0,0.0,1.0,0.0,2,80.0,1,0.0,1.0,46.0,10.0
61363,1.0,1.0,1.0,1.0,1.0,2,64.0,1,0.0,1.0,32.0,8.0
61371,1.0,1.0,1.0,1.0,1.0,2,152.0,1,0.0,1.0,34.0,15.0
61381,1.0,1.0,0.0,1.0,1.0,2,161.0,1,0.0,1.0,59.0,13.0
61392,1.0,1.0,1.0,1.0,1.0,2,393.0,1,0.0,0.0,125.0,19.0
61410,1.0,1.0,1.0,1.0,1.0,2,130.0,1,0.0,0.0,43.0,12.0
61420,1.0,1.0,0.0,0.0,1.0,2,183.0,1,0.0,2.0,120.0,27.0
61434,1.0,1.0,1.0,1.0,0.0,2,180.0,1,0.0,1.0,110.0,21.0
61453,1.0,1.0,0.0,1.0,1.0,2,129.0,1,0.0,0.0,52.0,9.0
61459,1.0,1.0,0.0,1.0,1.0,2,334.0,1,0.0,2.0,214.0,18.0
61476,1.0,1.0,0.0,9.0,1.0,2,401.0,1,0.0,5.0,241.0,22.0
61477,0.0,1.0,1.0,0.0,0.0,2,224.0,1,0.0,1.0,144.0,12.0
61502,1.0,1.0,0.0,1.0,1.0,2,219.0,1,0.0,1.0,92.0,13.0
61503,0.0,1.0,0.0,0.0,0.0,2,107.0,2,0.0,0.0,141.0,11.0
61520,1.0,1.0,0.0,0.0,1.0,2,238.0,2,0.0,0.0,293.0,15.0
61552,1.0,1.0,1.0,0.0,1.0,2,341.0,1,0.0,3.0,135.0,14.0
61557,1.0,1.0,1.0,0.0,1.0,2,295.0,1,0.0,2.0,61.0,16.0
61558,1.0,1.0,0.0,1.0,1.0,2,329.0,1,0.0,1.0,406.0,25.0
61584,1.0,1.0,0.0,0.0,1.0,2,68.0,1,0.0,1.0,116.0,11.0
61587,1.0,1.0,0.0,1.0,1.0,2,300.0,1,0.0,1.0,130.0,22.0
61588,1.0,1.0,0.0,0.0,1.0,2,64.0,2,0.0,0.0,16.0,6.0
61600,0.0,1.0,0.0,1.0,0.0,2,257.0,1,0.0,1.0,89.0,18.0
61601,0.0,1.0,0.0,1.0,0.0,2,453.0,1,0.0,0.0,149.0,21.0
61626,0.0,1.0,1.0,0.0,0.0,2,182.0,1,0.0,1.0,77.0,15.0
61629,1.0,1.0,0.0,0.0,1.0,2,150.0,1,0.0,3.0,124.0,10.0
61636,1.0,1.0,1.0,1.0,1.0,2,384.0,1,0.0,1.0,53.0,32.0
61650,1.0,1.0,1.0,0.0,1.0,2,123.0,1,0.0,1.0,34.0,11.0
61659,1.0,1.0,1.0,0.0,1.0,2,184.0,1,0.0,5.0,35.0,13.0
61673,1.0,1.0,0.0,0.0,1.0,2,67.0,1,0.0,1.0,18.0,9.0
61680,1.0,1.0,0.0,1.0,1.0,2,358.0,1,0.0,1.0,109.0,30.0
61691,1.0,1.0,0.0,0.0,1.0,2,72.0,1,0.0,2.0,26.0,10.0
61698,0.0,0.0,1.0,1.0,0.0,2,333.0,1,0.0,1.0,104.0,28.0
61713,1.0,1.0,1.0,1.0,0.0,2,139.0,1,0.0,5.0,74.0,22.0
61724,1.0,1.0,1.0,1.0,0.0,2,105.0,1,0.0,1.0,49.0,12.0
61730,1.0,1.0,0.0,9.0,1.0,2,117.0,2,0.0,0.0,48.0,9.0
61731,1.0,1.0,1.0,1.0,1.0,2,211.0,1,0.0,5.0,27.0,17.0
61747,0.0,,1.0,1.0,0.0,2,361.0,1,0.0,4.0,213.0,32.0
61765,1.0,1.0,0.0,1.0,1.0,2,204.0,1,0.0,6.0,109.0,15.0
61773,0.0,1.0,0.0,0.0,0.0,2,146.0,1,0.0,5.0,69.0,14.0
61780,1.0,1.0,1.0,0.0,1.0,2,216.0,1,0.0,1.0,105.0,13.0
61799,1.0,1.0,1.0,1.0,1.0,2,459.0,1,0.0,1.0,75.0,31.0
61800,0.0,1.0,0.0,1.0,0.0,2,58.0,2,0.0,0.0,64.0,9.0
61803,1.0,1.0,0.0,0.0,1.0,2,279.0,1,0.0,0.0,123.0,19.0
61812,1.0,1.0,0.0,1.0,0.0,2,63.0,1,0.0,2.0,52.0,8.0
61817,1.0,1.0,1.0,1.0,1.0,2,147.0,1,0.0,4.0,78.0,14.0
61820,0.0,1.0,0.0,1.0,0.0,2,128.0,1,0.0,1.0,90.0,6.0
61828,1.0,1.0,0.0,1.0,1.0,2,74.0,1,0.0,1.0,54.0,11.0
61829,1.0,1.0,1.0,1.0,1.0,2,46.0,1,0.0,2.0,43.0,11.0
61845,1.0,1.0,0.0,0.0,9.0,2,84.0,1,0.0,1.0,19.0,8.0
61846,0.0,,0.0,1.0,0.0,2,54.0,1,0.0,0.0,33.0,8.0
61854,0.0,,0.0,0.0,0.0,2,38.0,1,0.0,0.0,60.0,10.0
61856,1.0,1.0,1.0,1.0,1.0,2,362.0,1,0.0,0.0,100.0,21.0
61863,1.0,0.0,0.0,0.0,1.0,2,61.0,1,0.0,4.0,31.0,8.0
61867,1.0,1.0,1.0,0.0,1.0,2,382.0,1,1.0,2.0,116.0,36.0
61871,1.0,1.0,1.0,0.0,1.0,2,95.0,1,0.0,0.0,95.0,9.0
61890,1.0,1.0,1.0,0.0,0.0,2,155.0,1,0.0,1.0,31.0,13.0
61891,1.0,1.0,0.0,1.0,1.0,2,120.0,1,0.0,1.0,18.0,19.0
61892,0.0,1.0,0.0,1.0,0.0,2,371.0,1,0.0,0.0,183.0,24.0
61910,1.0,1.0,1.0,1.0,1.0,2,221.0,1,0.0,1.0,68.0,17.0
61916,1.0,1.0,1.0,1.0,1.0,2,153.0,1,0.0,1.0,284.0,20.0
61917,1.0,1.0,1.0,1.0,0.0,2,143.0,1,0.0,1.0,122.0,14.0
61919,1.0,0.0,0.0,0.0,1.0,2,62.0,1,0.0,5.0,55.0,10.0
61947,1.0,0.0,0.0,0.0,1.0,2,326.0,1,0.0,1.0,318.0,29.0
61961,0.0,1.0,0.0,1.0,0.0,2,163.0,1,0.0,0.0,190.0,16.0
61971,1.0,1.0,0.0,0.0,1.0,2,126.0,1,0.0,1.0,47.0,11.0
61972,1.0,1.0,0.0,0.0,1.0,2,75.0,2,0.0,0.0,121.0,7.0
61975,1.0,1.0,0.0,1.0,1.0,2,102.0,1,0.0,1.0,62.0,11.0
61978,1.0,1.0,0.0,0.0,1.0,2,120.0,1,0.0,1.0,45.0,10.0
61983,0.0,1.0,1.0,1.0,0.0,2,112.0,1,0.0,0.0,67.0,9.0
61986,1.0,1.0,1.0,9.0,1.0,2,120.0,1,0.0,1.0,58.0,20.0
61995,1.0,1.0,0.0,9.0,1.0,2,132.0,1,0.0,0.0,111.0,15.0
62014,1.0,1.0,1.0,0.0,0.0,2,345.0,1,0.0,0.0,520.0,27.0
62015,1.0,1.0,0.0,1.0,0.0,2,230.0,1,0.0,1.0,73.0,25.0
62027,1.0,1.0,0.0,0.0,1.0,2,427.0,1,0.0,2.0,147.0,29.0
62046,1.0,1.0,0.0,1.0,1.0,2,502.0,1,0.0,2.0,165.0,34.0
62047,1.0,1.0,0.0,1.0,0.0,2,44.0,1,0.0,0.0,70.0,14.0
62071,1.0,1.0,1.0,1.0,1.0,2,108.0,1,0.0,1.0,63.0,11.0
62074,1.0,1.0,1.0,1.0,9.0,2,202.0,1,1.0,1.0,31.0,19.0
62100,1.0,1.0,1.0,9.0,1.0,2,531.0,1,0.0,2.0,593.0,37.0
62124,1.0,1.0,1.0,1.0,1.0,2,133.0,1,0.0,1.0,79.0,18.0
62125,1.0,1.0,0.0,0.0,9.0,2,510.0,1,0.0,0.0,284.0,28.0
62144,1.0,1.0,1.0,1.0,0.0,2,159.0,1,0.0,1.0,4.0,16.0
62145,0.0,1.0,1.0,9.0,0.0,2,294.0,1,0.0,3.0,82.0,16.0
62161,1.0,1.0,0.0,1.0,1.0,2,137.0,1,0.0,1.0,47.0,14.0
62162,1.0,1.0,0.0,1.0,0.0,2,87.0,1,0.0,1.0,46.0,12.0
62163,0.0,1.0,1.0,0.0,0.0,2,501.0,1,0.0,1.0,510.0,28.0
62183,1.0,1.0,0.0,1.0,1.0,2,195.0,1,0.0,1.0,49.0,13.0
62205,1.0,1.0,0.0,9.0,1.0,2,384.0,1,0.0,5.0,179.0,21.0
62226,1.0,1.0,1.0,1.0,1.0,2,184.0,1,0.0,1.0,21.0,19.0
62227,1.0,1.0,0.0,9.0,1.0,2,145.0,1,0.0,1.0,97.0,17.0
62229,0.0,1.0,0.0,0.0,0.0,2,582.0,1,0.0,2.0,217.0,27.0
62274,1.0,0.0,0.0,1.0,1.0,2,176.0,1,0.0,4.0,85.0,13.0
62275,1.0,1.0,0.0,9.0,9.0,2,38.0,1,0.0,3.0,80.0,9.0
62287,1.0,1.0,0.0,0.0,1.0,2,285.0,1,0.0,1.0,149.0,18.0
62300,1.0,1.0,1.0,9.0,1.0,2,378.0,1,0.0,1.0,116.0,22.0
62301,1.0,1.0,0.0,9.0,9.0,2,810.0,1,0.0,1.0,369.0,41.0
62323,1.0,1.0,1.0,1.0,0.0,2,183.0,1,0.0,1.0,67.0,12.0
62332,0.0,1.0,0.0,1.0,0.0,2,317.0,1,0.0,1.0,192.0,26.0
62354,0.0,1.0,0.0,1.0,0.0,2,614.0,1,0.0,2.0,313.0,42.0
62358,1.0,1.0,0.0,9.0,1.0,2,148.0,1,0.0,1.0,29.0,12.0
62386,1.0,1.0,0.0,1.0,1.0,2,596.0,1,0.0,6.0,280.0,40.0
62387,0.0,1.0,0.0,1.0,0.0,2,216.0,1,0.0,0.0,316.0,15.0
62388,1.0,1.0,0.0,1.0,1.0,2,26.0,2,0.0,2.0,208.0,12.0
62389,1.0,1.0,0.0,0.0,9.0,2,77.0,1,0.0,1.0,246.0,11.0
62431,1.0,1.0,1.0,0.0,1.0,2,506.0,1,0.0,1.0,370.0,37.0
62432,1.0,1.0,1.0,1.0,1.0,2,72.0,1,0.0,0.0,22.0,19.0
62433,1.0,1.0,1.0,0.0,1.0,2,109.0,1,0.0,0.0,21.0,10.0
62448,1.0,1.0,1.0,1.0,1.0,1,157.0,2,2.0,2.0,239.0,48.0
62452,1.0,1.0,0.0,1.0,1.0,2,191.0,1,0.0,1.0,194.0,18.0
62454,1.0,1.0,0.0,1.0,0.0,2,522.0,1,0.0,1.0,519.0,20.0
62487,0.0,1.0,1.0,0.0,0.0,2,123.0,1,0.0,6.0,53.0,15.0
62496,1.0,1.0,0.0,0.0,1.0,2,234.0,1,0.0,1.0,156.0,13.0
62497,0.0,1.0,0.0,0.0,0.0,2,43.0,1,0.0,2.0,72.0,11.0
62505,0.0,1.0,0.0,0.0,0.0,2,111.0,1,0.0,0.0,16.0,12.0
62518,1.0,1.0,0.0,1.0,1.0,2,433.0,1,0.0,3.0,219.0,26.0
62527,1.0,1.0,1.0,1.0,1.0,2,440.0,1,0.0,1.0,248.0,28.0
62528,1.0,1.0,0.0,1.0,0.0,2,97.0,1,0.0,1.0,38.0,10.0
62549,1.0,1.0,0.0,9.0,1.0,2,170.0,1,0.0,1.0,59.0,17.0
62550,1.0,1.0,1.0,0.0,9.0,2,292.0,1,0.0,1.0,124.0,22.0
62563,1.0,1.0,1.0,1.0,1.0,2,141.0,1,0.0,1.0,31.0,12.0
62573,0.0,1.0,0.0,0.0,0.0,2,91.0,1,0.0,2.0,51.0,11.0
62579,0.0,1.0,0.0,1.0,0.0,2,161.0,1,0.0,2.0,37.0,16.0
62591,1.0,1.0,1.0,1.0,1.0,2,87.0,1,0.0,1.0,22.0,9.0
62606,1.0,1.0,0.0,0.0,1.0,2,181.0,1,0.0,0.0,92.0,15.0
62621,1.0,1.0,0.0,1.0,1.0,2,75.0,1,0.0,1.0,18.0,17.0
62622,1.0,1.0,1.0,9.0,1.0,2,353.0,1,0.0,1.0,63.0,31.0
62623,1.0,1.0,1.0,0.0,1.0,2,258.0,1,0.0,12.0,18.0,20.0
62627,1.0,1.0,1.0,1.0,1.0,2,493.0,1,0.0,1.0,40.0,31.0
62629,1.0,1.0,0.0,0.0,0.0,2,117.0,1,0.0,1.0,8.0,12.0
62630,1.0,1.0,0.0,9.0,1.0,2,22.0,1,0.0,1.0,0.0,8.0
62653,0.0,1.0,0.0,1.0,0.0,2,138.0,1,0.0,0.0,86.0,14.0
62654,0.0,1.0,0.0,1.0,0.0,2,175.0,1,0.0,0.0,140.0,17.0
62672,0.0,0.0,1.0,0.0,0.0,2,208.0,1,0.0,1.0,65.0,19.0
62673,1.0,1.0,0.0,0.0,1.0,2,75.0,2,0.0,0.0,460.0,11.0
62690,1.0,1.0,0.0,0.0,1.0,2,144.0,1,0.0,0.0,58.0,12.0
62700,0.0,1.0,0.0,1.0,0.0,2,236.0,1,0.0,2.0,128.0,17.0
62702,0.0,1.0,0.0,1.0,0.0,2,60.0,1,0.0,1.0,3.0,9.0
62716,1.0,1.0,1.0,1.0,1.0,2,99.0,1,0.0,1.0,99.0,12.0
62723,0.0,1.0,1.0,9.0,0.0,2,246.0,1,0.0,0.0,0.0,25.0
62754,1.0,1.0,0.0,0.0,9.0,2,31.0,2,0.0,4.0,25.0,12.0
62768,1.0,1.0,1.0,1.0,1.0,2,20.0,1,0.0,2.0,5.0,12.0
62769,0.0,1.0,0.0,9.0,0.0,2,460.0,1,0.0,0.0,0.0,43.0
62770,1.0,1.0,1.0,0.0,9.0,2,153.0,1,0.0,1.0,0.0,14.0
62771,1.0,1.0,1.0,0.0,0.0,2,457.0,1,1.0,1.0,0.0,42.0
62772,1.0,1.0,1.0,0.0,1.0,2,93.0,1,0.0,1.0,0.0,20.0
62773,0.0,1.0,0.0,1.0,0.0,2,311.0,1,0.0,1.0,0.0,28.0
62774,1.0,0.0,0.0,1.0,1.0,2,37.0,2,0.0,1.0,212.0,10.0
62775,1.0,1.0,0.0,0.0,1.0,2,117.0,1,0.0,1.0,0.0,12.0
62776,0.0,1.0,1.0,1.0,0.0,2,128.0,1,0.0,0.0,0.0,24.0
62777,0.0,1.0,1.0,0.0,0.0,2,337.0,1,0.0,1.0,0.0,29.0
62778,1.0,1.0,0.0,0.0,1.0,2,184.0,1,0.0,1.0,0.0,20.0
62779,1.0,1.0,0.0,0.0,1.0,2,204.0,1,0.0,1.0,0.0,20.0
62780,1.0,1.0,1.0,1.0,1.0,2,175.0,1,0.0,2.0,0.0,27.0
62781,1.0,1.0,0.0,0.0,1.0,2,186.0,1,0.0,2.0,0.0,18.0
62782,1.0,1.0,0.0,1.0,1.0,2,159.0,1,0.0,1.0,0.0,21.0
62787,1.0,1.0,0.0,0.0,1.0,2,274.0,1,0.0,1.0,0.0,25.0
62789,1.0,1.0,1.0,0.0,9.0,2,107.0,1,0.0,0.0,0.0,15.0
62790,0.0,1.0,1.0,0.0,0.0,2,274.0,1,0.0,0.0,0.0,28.0
62791,1.0,1.0,1.0,1.0,1.0,2,138.0,1,0.0,2.0,0.0,21.0
62792,1.0,1.0,0.0,1.0,1.0,2,201.0,1,0.0,1.0,0.0,21.0
62793,1.0,1.0,0.0,0.0,1.0,2,74.0,1,0.0,1.0,0.0,15.0
62794,1.0,1.0,0.0,0.0,1.0,2,92.0,1,0.0,3.0,0.0,14.0
62796,1.0,1.0,1.0,0.0,0.0,2,134.0,1,1.0,1.0,0.0,15.0
62798,0.0,1.0,0.0,0.0,0.0,2,42.0,2,0.0,0.0,114.0,12.0
62799,1.0,1.0,1.0,1.0,1.0,2,114.0,1,0.0,1.0,0.0,15.0
62800,1.0,1.0,1.0,9.0,1.0,2,467.0,1,0.0,1.0,0.0,39.0
62801,1.0,1.0,0.0,0.0,1.0,2,178.0,1,0.0,2.0,31.0,23.0
62806,1.0,1.0,0.0,1.0,1.0,2,746.0,1,0.0,3.0,159.0,42.0
62896,1.0,1.0,0.0,0.0,1.0,2,159.0,1,0.0,1.0,78.0,12.0
62913,1.0,1.0,0.0,0.0,1.0,2,215.0,1,1.0,2.0,0.0,21.0
62919,1.0,1.0,1.0,0.0,0.0,2,59.0,1,0.0,3.0,0.0,13.0
62920,0.0,1.0,0.0,9.0,0.0,2,230.0,2,0.0,5.0,339.0,39.0
62933,1.0,1.0,0.0,1.0,1.0,2,388.0,1,0.0,2.0,234.0,32.0
62964,1.0,1.0,1.0,1.0,1.0,2,73.0,2,0.0,1.0,198.0,9.0
62967,0.0,0.0,0.0,1.0,0.0,2,645.0,1,0.0,3.0,436.0,47.0
62995,1.0,1.0,1.0,1.0,1.0,2,361.0,1,0.0,0.0,275.0,32.0
62996,1.0,1.0,0.0,0.0,1.0,2,67.0,2,0.0,1.0,4.0,12.0
63016,1.0,1.0,1.0,1.0,1.0,2,163.0,1,0.0,5.0,100.0,18.0
63017,1.0,1.0,1.0,1.0,1.0,2,296.0,2,0.0,0.0,216.0,18.0
63018,1.0,1.0,0.0,1.0,1.0,2,560.0,1,0.0,1.0,522.0,30.0
63033,1.0,1.0,1.0,1.0,1.0,2,888.0,1,0.0,1.0,604.0,55.0
63034,0.0,1.0,0.0,9.0,0.0,2,279.0,1,0.0,2.0,224.0,27.0
63063,1.0,1.0,0.0,1.0,1.0,2,201.0,1,0.0,1.0,239.0,28.0
63080,1.0,1.0,0.0,1.0,1.0,2,135.0,1,0.0,1.0,170.0,13.0
63081,1.0,1.0,0.0,0.0,0.0,2,65.0,1,0.0,1.0,40.0,10.0
63087,0.0,,0.0,0.0,0.0,2,261.0,1,0.0,1.0,122.0,16.0
63104,1.0,1.0,1.0,0.0,0.0,2,455.0,1,0.0,0.0,167.0,31.0
63136,1.0,1.0,0.0,1.0,1.0,2,158.0,1,0.0,0.0,116.0,11.0
63139,1.0,1.0,1.0,0.0,1.0,2,342.0,1,0.0,1.0,90.0,22.0
63142,1.0,1.0,0.0,1.0,1.0,2,262.0,1,0.0,4.0,141.0,28.0
63154,1.0,1.0,0.0,0.0,0.0,3,111.0,1,0.0,2.0,25.0,12.0
63156,0.0,1.0,1.0,1.0,0.0,2,362.0,1,0.0,1.0,171.0,16.0
63169,1.0,1.0,0.0,0.0,1.0,2,252.0,1,0.0,0.0,78.0,21.0
63179,0.0,1.0,1.0,0.0,0.0,2,389.0,1,0.0,0.0,302.0,22.0
63203,1.0,1.0,0.0,0.0,1.0,2,225.0,1,0.0,1.0,132.0,20.0
63204,0.0,1.0,0.0,0.0,0.0,2,164.0,2,0.0,1.0,217.0,11.0
63223,1.0,1.0,0.0,1.0,1.0,2,157.0,1,0.0,1.0,122.0,16.0
63224,1.0,1.0,0.0,1.0,1.0,2,493.0,1,0.0,4.0,395.0,31.0
63263,1.0,1.0,0.0,1.0,1.0,2,252.0,1,0.0,0.0,233.0,19.0
63267,1.0,1.0,1.0,0.0,0.0,2,241.0,1,0.0,7.0,160.0,30.0
63285,0.0,0.0,0.0,1.0,0.0,2,348.0,1,0.0,0.0,272.0,15.0
63286,1.0,1.0,0.0,1.0,1.0,2,211.0,1,0.0,1.0,190.0,13.0
63317,1.0,1.0,0.0,0.0,1.0,2,56.0,1,0.0,0.0,175.0,13.0
63331,0.0,1.0,0.0,9.0,0.0,2,153.0,1,0.0,0.0,44.0,13.0
63353,1.0,1.0,1.0,1.0,1.0,2,158.0,1,0.0,1.0,68.0,14.0
63354,1.0,1.0,0.0,1.0,1.0,2,152.0,1,0.0,1.0,129.0,12.0
63355,1.0,1.0,0.0,0.0,0.0,2,349.0,1,0.0,2.0,196.0,19.0
63383,1.0,1.0,0.0,1.0,1.0,2,352.0,1,1.0,1.0,174.0,18.0
63385,1.0,1.0,1.0,1.0,1.0,2,295.0,1,0.0,0.0,152.0,18.0
63386,1.0,1.0,0.0,0.0,1.0,2,451.0,1,0.0,1.0,162.0,30.0
63414,0.0,,1.0,1.0,0.0,2,229.0,1,0.0,2.0,173.0,11.0
63418,0.0,0.0,0.0,1.0,0.0,2,193.0,1,0.0,1.0,182.0,14.0
63445,0.0,1.0,1.0,1.0,0.0,2,237.0,1,0.0,1.0,227.0,16.0
63449,1.0,0.0,1.0,0.0,1.0,2,365.0,1,0.0,1.0,398.0,21.0
63453,1.0,1.0,1.0,1.0,1.0,2,118.0,1,0.0,1.0,99.0,12.0
63454,1.0,1.0,0.0,1.0,1.0,2,56.0,1,0.0,0.0,69.0,12.0
63455,0.0,1.0,1.0,1.0,0.0,2,65.0,1,0.0,2.0,381.0,14.0
63456,1.0,1.0,0.0,0.0,9.0,2,341.0,1,0.0,1.0,283.0,22.0
63462,0.0,0.0,1.0,1.0,0.0,2,9.0,2,0.0,1.0,10.0,7.0
63465,1.0,1.0,0.0,1.0,0.0,2,136.0,2,0.0,4.0,161.0,20.0
63478,1.0,1.0,0.0,1.0,1.0,2,32.0,2,0.0,2.0,139.0,12.0
63497,1.0,1.0,0.0,9.0,1.0,2,222.0,1,0.0,0.0,271.0,16.0
63500,0.0,1.0,0.0,1.0,0.0,2,233.0,1,0.0,2.0,372.0,18.0
63502,1.0,1.0,0.0,0.0,1.0,2,98.0,2,0.0,2.0,292.0,9.0
63516,1.0,1.0,0.0,1.0,1.0,2,180.0,1,0.0,4.0,25.0,19.0
63517,0.0,0.0,0.0,0.0,0.0,2,153.0,1,0.0,2.0,30.0,24.0
63526,1.0,1.0,1.0,1.0,0.0,2,506.0,1,0.0,4.0,109.0,19.0
63529,0.0,1.0,1.0,0.0,0.0,2,146.0,1,0.0,1.0,0.0,16.0
63539,1.0,1.0,1.0,1.0,0.0,2,121.0,1,0.0,2.0,73.0,11.0
63540,1.0,1.0,0.0,1.0,1.0,2,301.0,1,0.0,2.0,156.0,18.0
63545,0.0,1.0,0.0,0.0,0.0,3,50.0,2,0.0,2.0,461.0,9.0
63561,1.0,1.0,0.0,1.0,1.0,2,184.0,1,0.0,1.0,77.0,13.0
63562,0.0,1.0,0.0,0.0,0.0,2,59.0,2,0.0,3.0,248.0,16.0
63576,1.0,1.0,1.0,1.0,1.0,2,357.0,1,0.0,1.0,138.0,31.0
63577,1.0,1.0,0.0,1.0,0.0,2,83.0,2,0.0,0.0,283.0,8.0
63578,1.0,1.0,1.0,0.0,1.0,2,1069.0,1,0.0,1.0,241.0,37.0
63579,0.0,1.0,1.0,9.0,0.0,2,128.0,1,0.0,0.0,155.0,11.0
63589,1.0,1.0,0.0,0.0,0.0,2,149.0,1,0.0,4.0,14.0,13.0
63625,0.0,1.0,1.0,9.0,0.0,2,760.0,1,0.0,2.0,0.0,47.0
63626,0.0,1.0,0.0,1.0,0.0,2,594.0,1,0.0,2.0,0.0,38.0
63627,1.0,1.0,1.0,1.0,1.0,2,215.0,1,0.0,0.0,0.0,29.0
63631,1.0,0.0,0.0,0.0,1.0,2,321.0,1,0.0,1.0,0.0,26.0
63633,0.0,1.0,0.0,0.0,0.0,2,191.0,1,0.0,1.0,0.0,13.0
63634,0.0,1.0,0.0,1.0,0.0,2,108.0,1,0.0,1.0,0.0,9.0
63659,0.0,,1.0,1.0,0.0,2,311.0,1,0.0,1.0,67.0,21.0
63661,1.0,1.0,0.0,1.0,1.0,2,185.0,1,0.0,0.0,72.0,20.0
63662,1.0,1.0,1.0,0.0,1.0,2,327.0,1,0.0,0.0,277.0,20.0
63663,1.0,1.0,1.0,0.0,1.0,2,218.0,1,0.0,2.0,125.0,16.0
63664,1.0,1.0,0.0,0.0,1.0,2,206.0,1,0.0,0.0,0.0,26.0
63665,1.0,1.0,0.0,1.0,1.0,2,55.0,1,1.0,0.0,0.0,16.0
63697,1.0,1.0,0.0,9.0,1.0,2,1037.0,1,0.0,1.0,533.0,46.0
63713,1.0,1.0,0.0,1.0,1.0,2,589.0,1,0.0,15.0,8.0,29.0
63714,1.0,1.0,0.0,1.0,1.0,2,1062.0,1,0.0,3.0,0.0,57.0
63749,1.0,1.0,1.0,0.0,1.0,2,185.0,1,0.0,2.0,1.0,23.0
63750,0.0,1.0,0.0,0.0,0.0,2,240.0,1,0.0,1.0,0.0,19.0
63751,1.0,1.0,0.0,9.0,1.0,2,170.0,1,0.0,19.0,0.0,18.0
63752,1.0,1.0,0.0,1.0,1.0,2,158.0,1,0.0,24.0,0.0,23.0
63753,1.0,1.0,0.0,0.0,1.0,2,546.0,1,0.0,1.0,0.0,29.0
63754,1.0,1.0,1.0,1.0,9.0,2,183.0,1,0.0,2.0,0.0,17.0
63755,1.0,1.0,0.0,0.0,1.0,2,74.0,1,0.0,5.0,0.0,12.0
63756,1.0,1.0,1.0,1.0,1.0,2,70.0,1,0.0,4.0,1.0,15.0
63757,1.0,1.0,0.0,1.0,1.0,2,288.0,1,0.0,4.0,0.0,27.0
63758,1.0,1.0,1.0,0.0,1.0,2,226.0,1,0.0,5.0,0.0,25.0
63759,1.0,1.0,0.0,0.0,1.0,2,156.0,1,0.0,1.0,0.0,13.0
63760,1.0,1.0,0.0,1.0,1.0,2,189.0,1,0.0,5.0,0.0,12.0
63761,1.0,1.0,1.0,0.0,1.0,2,89.0,1,0.0,2.0,0.0,13.0
63762,0.0,1.0,1.0,1.0,0.0,2,232.0,1,0.0,1.0,94.0,19.0
63763,1.0,1.0,1.0,0.0,1.0,2,505.0,1,1.0,2.0,0.0,33.0
63764,1.0,1.0,1.0,0.0,1.0,2,133.0,1,0.0,0.0,0.0,14.0
63767,1.0,1.0,0.0,1.0,1.0,2,90.0,1,0.0,2.0,0.0,14.0
63768,1.0,1.0,1.0,1.0,1.0,2,293.0,1,1.0,5.0,0.0,20.0
63769,1.0,1.0,1.0,0.0,1.0,2,385.0,1,2.0,10.0,0.0,31.0
63770,1.0,1.0,1.0,1.0,1.0,2,516.0,1,0.0,0.0,4.0,25.0
63772,1.0,1.0,1.0,0.0,0.0,2,81.0,1,0.0,2.0,0.0,14.0
63773,1.0,1.0,1.0,1.0,1.0,2,419.0,1,1.0,2.0,247.0,28.0
63774,1.0,1.0,1.0,1.0,1.0,2,177.0,1,0.0,1.0,0.0,19.0
63775,1.0,1.0,0.0,9.0,9.0,2,231.0,1,0.0,2.0,0.0,15.0
63776,1.0,1.0,1.0,0.0,1.0,2,412.0,1,0.0,1.0,0.0,29.0
63779,1.0,1.0,1.0,0.0,1.0,2,126.0,1,0.0,0.0,0.0,13.0
63789,1.0,1.0,0.0,1.0,1.0,2,78.0,1,1.0,3.0,1.0,11.0
63792,1.0,1.0,0.0,0.0,1.0,2,215.0,1,0.0,2.0,1.0,14.0
63793,0.0,1.0,0.0,0.0,0.0,2,281.0,1,0.0,2.0,7.0,19.0
63794,1.0,1.0,1.0,0.0,1.0,2,471.0,1,0.0,0.0,0.0,28.0
63804,1.0,1.0,1.0,1.0,1.0,2,48.0,1,0.0,0.0,0.0,17.0
63805,1.0,1.0,1.0,1.0,1.0,2,195.0,1,0.0,2.0,0.0,18.0
63806,1.0,1.0,0.0,1.0,1.0,2,1037.0,1,1.0,10.0,1.0,53.0
63807,0.0,1.0,1.0,0.0,0.0,2,79.0,1,1.0,1.0,0.0,14.0
63809,1.0,1.0,1.0,1.0,0.0,2,69.0,1,0.0,1.0,0.0,18.0
63810,0.0,1.0,0.0,1.0,0.0,2,182.0,1,0.0,1.0,0.0,9.0
63813,0.0,1.0,1.0,0.0,0.0,2,672.0,1,0.0,0.0,0.0,36.0
63815,1.0,1.0,0.0,1.0,1.0,2,206.0,1,0.0,1.0,1.0,16.0
63816,0.0,1.0,0.0,1.0,0.0,2,291.0,1,1.0,1.0,0.0,12.0
63817,1.0,1.0,1.0,0.0,1.0,2,318.0,1,0.0,1.0,0.0,19.0
63818,1.0,1.0,1.0,0.0,0.0,2,357.0,1,0.0,0.0,0.0,15.0
63824,1.0,1.0,1.0,1.0,1.0,2,475.0,1,0.0,10.0,0.0,32.0
63825,1.0,1.0,0.0,0.0,1.0,2,106.0,1,0.0,2.0,0.0,11.0
63827,1.0,1.0,0.0,1.0,1.0,2,555.0,1,0.0,5.0,0.0,37.0
63828,1.0,1.0,1.0,9.0,9.0,2,238.0,1,0.0,5.0,0.0,19.0
63904,1.0,1.0,1.0,0.0,0.0,2,205.0,1,0.0,1.0,0.0,20.0
63906,1.0,1.0,1.0,1.0,1.0,1,1209.0,1,5.0,18.0,1979.0,211.0
63908,1.0,1.0,1.0,1.0,1.0,2,134.0,1,0.0,0.0,0.0,16.0
63912,1.0,1.0,1.0,1.0,1.0,2,887.0,1,1.0,6.0,887.0,45.0
63927,1.0,1.0,1.0,1.0,1.0,2,474.0,1,0.0,1.0,0.0,29.0
63932,0.0,1.0,1.0,1.0,0.0,2,468.0,1,0.0,2.0,352.0,31.0
63955,1.0,1.0,0.0,0.0,1.0,2,489.0,1,0.0,1.0,0.0,35.0
63956,0.0,1.0,0.0,1.0,0.0,2,401.0,1,0.0,1.0,1.0,26.0
63958,1.0,1.0,1.0,1.0,1.0,2,438.0,1,0.0,1.0,281.0,38.0
63960,0.0,1.0,1.0,1.0,0.0,2,501.0,1,0.0,0.0,0.0,27.0
63966,0.0,1.0,0.0,1.0,0.0,2,268.0,1,0.0,1.0,0.0,21.0
63969,0.0,1.0,0.0,0.0,0.0,2,649.0,1,0.0,3.0,0.0,30.0
63982,0.0,1.0,1.0,1.0,0.0,2,560.0,1,0.0,1.0,218.0,22.0
63998,0.0,1.0,0.0,1.0,0.0,2,117.0,2,0.0,0.0,203.0,11.0
64004,1.0,1.0,1.0,9.0,1.0,2,335.0,1,0.0,2.0,298.0,55.0
64005,1.0,1.0,1.0,0.0,1.0,2,395.0,2,0.0,2.0,381.0,50.0
64024,0.0,,0.0,1.0,0.0,2,569.0,1,0.0,0.0,410.0,22.0
64041,1.0,1.0,1.0,1.0,1.0,2,232.0,1,0.0,1.0,26.0,21.0
64065,1.0,1.0,0.0,1.0,0.0,2,268.0,1,0.0,0.0,83.0,20.0
64066,0.0,1.0,0.0,9.0,0.0,2,185.0,2,0.0,0.0,17.0,16.0
64104,0.0,1.0,1.0,1.0,0.0,2,73.0,2,0.0,3.0,97.0,13.0
64116,0.0,1.0,0.0,9.0,0.0,2,232.0,2,0.0,0.0,68.0,29.0
64140,1.0,1.0,0.0,1.0,1.0,2,251.0,1,0.0,1.0,6.0,17.0
64378,0.0,1.0,0.0,1.0,0.0,2,292.0,1,0.0,0.0,124.0,16.0
64419,0.0,1.0,0.0,1.0,0.0,2,23.0,2,0.0,15.0,99.0,12.0
64505,1.0,1.0,0.0,1.0,1.0,2,442.0,1,0.0,2.0,242.0,34.0
64539,1.0,1.0,0.0,1.0,1.0,2,504.0,1,0.0,2.0,0.0,43.0
64540,1.0,1.0,1.0,1.0,1.0,2,163.0,1,0.0,1.0,0.0,17.0
64541,1.0,1.0,0.0,1.0,1.0,2,487.0,1,0.0,1.0,0.0,28.0
64554,1.0,1.0,0.0,1.0,1.0,2,222.0,1,0.0,1.0,0.0,21.0
64564,0.0,,1.0,9.0,0.0,2,158.0,1,0.0,2.0,0.0,12.0
64571,1.0,1.0,0.0,9.0,1.0,2,239.0,1,0.0,1.0,0.0,13.0
64575,0.0,0.0,0.0,1.0,0.0,2,267.0,1,0.0,1.0,154.0,18.0
64583,1.0,1.0,0.0,1.0,1.0,2,299.0,1,0.0,1.0,144.0,14.0
64595,0.0,1.0,0.0,1.0,0.0,2,93.0,1,0.0,1.0,56.0,8.0
64599,1.0,1.0,0.0,0.0,1.0,2,308.0,1,0.0,0.0,65.0,18.0
64655,1.0,1.0,0.0,1.0,1.0,2,350.0,1,0.0,2.0,0.0,25.0
64681,1.0,0.0,0.0,9.0,1.0,2,38.0,1,0.0,0.0,0.0,13.0
64684,1.0,1.0,1.0,1.0,1.0,2,650.0,1,0.0,0.0,440.0,33.0
64687,1.0,1.0,0.0,1.0,1.0,2,86.0,1,0.0,1.0,0.0,14.0
64689,1.0,1.0,0.0,1.0,1.0,2,443.0,1,0.0,1.0,186.0,26.0
64695,1.0,1.0,0.0,0.0,1.0,2,146.0,1,2.0,1.0,0.0,15.0
64696,1.0,1.0,0.0,1.0,0.0,2,206.0,1,0.0,0.0,0.0,15.0
64709,0.0,1.0,0.0,0.0,0.0,2,290.0,1,0.0,2.0,339.0,23.0
64717,1.0,1.0,0.0,1.0,1.0,2,99.0,1,0.0,0.0,0.0,24.0
64718,1.0,1.0,0.0,0.0,1.0,2,177.0,1,0.0,1.0,65.0,13.0
64819,1.0,1.0,0.0,0.0,9.0,2,680.0,1,0.0,3.0,0.0,58.0
64821,1.0,1.0,1.0,1.0,1.0,2,254.0,1,0.0,1.0,177.0,18.0
64822,1.0,1.0,0.0,1.0,1.0,2,76.0,2,0.0,0.0,13.0,9.0
64823,1.0,1.0,0.0,1.0,0.0,2,191.0,2,0.0,1.0,357.0,21.0
64827,0.0,1.0,1.0,1.0,0.0,2,130.0,1,0.0,1.0,63.0,12.0
64891,0.0,1.0,0.0,0.0,0.0,2,284.0,1,0.0,1.0,316.0,15.0
64913,0.0,1.0,0.0,1.0,0.0,2,386.0,1,0.0,1.0,215.0,26.0
64934,1.0,1.0,1.0,0.0,1.0,2,179.0,1,0.0,2.0,72.0,16.0
64939,1.0,1.0,0.0,0.0,1.0,2,80.0,1,0.0,1.0,38.0,10.0
64964,1.0,1.0,0.0,9.0,0.0,2,55.0,1,0.0,1.0,0.0,12.0
64984,0.0,1.0,0.0,1.0,0.0,2,130.0,2,0.0,1.0,418.0,18.0
65000,1.0,1.0,0.0,1.0,1.0,2,219.0,1,0.0,2.0,0.0,24.0
65112,1.0,1.0,0.0,0.0,1.0,1,420.0,1,0.0,1.0,362.0,36.0
65129,1.0,1.0,0.0,0.0,1.0,2,238.0,1,0.0,2.0,0.0,14.0
65144,1.0,1.0,0.0,1.0,1.0,2,714.0,2,0.0,0.0,301.0,34.0
65228,1.0,1.0,1.0,0.0,1.0,2,413.0,1,0.0,3.0,0.0,22.0
65232,1.0,1.0,1.0,1.0,0.0,2,51.0,2,0.0,1.0,129.0,12.0
65253,1.0,1.0,1.0,1.0,1.0,2,372.0,1,0.0,6.0,371.0,24.0
65280,1.0,1.0,1.0,1.0,1.0,2,432.0,1,0.0,1.0,34.0,27.0
65283,1.0,1.0,1.0,0.0,1.0,1,91.0,1,1.0,2.0,29.0,23.0
65284,1.0,1.0,1.0,1.0,1.0,1,420.0,1,1.0,5.0,195.0,27.0
65286,1.0,1.0,1.0,1.0,1.0,2,210.0,1,0.0,1.0,0.0,13.0
65301,1.0,1.0,1.0,9.0,1.0,1,350.0,1,1.0,3.0,350.0,28.0
65302,1.0,1.0,0.0,1.0,1.0,1,232.0,1,0.0,3.0,135.0,28.0
65303,1.0,1.0,1.0,0.0,1.0,1,229.0,1,0.0,3.0,276.0,25.0
65304,1.0,1.0,1.0,1.0,1.0,1,334.0,1,0.0,4.0,189.0,24.0
65321,1.0,1.0,0.0,1.0,0.0,2,84.0,2,0.0,1.0,128.0,15.0
65362,1.0,1.0,1.0,1.0,1.0,2,347.0,2,0.0,1.0,347.0,20.0
65363,1.0,1.0,0.0,1.0,1.0,2,309.0,1,0.0,4.0,309.0,22.0
65364,1.0,1.0,1.0,9.0,1.0,2,359.0,2,0.0,0.0,213.0,20.0
65440,1.0,1.0,1.0,1.0,1.0,2,236.0,1,0.0,1.0,131.0,20.0
65444,1.0,1.0,1.0,0.0,1.0,2,344.0,1,0.0,5.0,36.0,23.0
65445,1.0,1.0,1.0,0.0,1.0,2,617.0,1,0.0,1.0,603.0,27.0
65453,1.0,1.0,1.0,1.0,1.0,2,302.0,1,0.0,0.0,50.0,21.0
65455,1.0,1.0,1.0,9.0,9.0,2,326.0,1,0.0,1.0,51.0,24.0
65459,1.0,1.0,1.0,0.0,1.0,2,434.0,1,0.0,1.0,0.0,24.0
65477,1.0,1.0,1.0,1.0,1.0,1,106.0,1,0.0,1.0,43.0,14.0
65707,0.0,1.0,1.0,0.0,0.0,2,119.0,1,0.0,1.0,0.0,20.0
65773,1.0,1.0,1.0,1.0,1.0,1,1104.0,1,2.0,24.0,727.0,116.0
65816,0.0,1.0,0.0,0.0,0.0,2,94.0,2,0.0,0.0,0.0,14.0
65822,1.0,1.0,0.0,0.0,1.0,2,206.0,2,0.0,1.0,60.0,19.0
65823,0.0,1.0,1.0,1.0,0.0,2,125.0,1,0.0,4.0,55.0,9.0
65825,1.0,1.0,1.0,0.0,1.0,2,91.0,2,0.0,1.0,126.0,11.0
65904,0.0,1.0,1.0,1.0,0.0,2,37.0,1,0.0,0.0,0.0,9.0
65944,1.0,1.0,1.0,9.0,1.0,1,484.0,1,0.0,6.0,528.0,62.0
65945,1.0,1.0,1.0,1.0,1.0,1,418.0,1,1.0,3.0,484.0,58.0
65946,1.0,1.0,1.0,1.0,1.0,1,236.0,1,1.0,2.0,313.0,39.0
65947,1.0,1.0,1.0,9.0,1.0,1,542.0,1,1.0,4.0,435.0,54.0
65948,1.0,1.0,1.0,0.0,1.0,1,350.0,1,1.0,1.0,149.0,40.0
